Itararé;3523206;2022-11-05;10449;1;2,13166591864213e+04;0,571428571428571;276;0;5,63058468317761e+02;0,000000000000000;Sorocaba;6;49018;44
Itariri;3523305;2022-11-05;1865;0;1,07965728841033e+04;0,000000000000000;51;0;2,95241403265023e+02;0,000000000000000;Registro;9;17274;44
Itatiba;3523404;2022-11-05;25148;6;2,13270463719936e+04;1,285714285714286;381;0;3,23111367414091e+02;0,000000000000000;Campinas;3;117916;44
Itatinga;3523503;2022-11-05;4537;0;2,20778588807786e+04;0,142857142857143;68;0;3,30900243309002e+02;0,000000000000000;Bauru;12;20550;44
Itirapina;3523602;2022-11-05;2690;0;1,56741638503671e+04;0,000000000000000;45;0;2,62207201957814e+02;0,000000000000000;Piracicaba;11;17162;44
Itirapuã;3523701;2022-11-05;324;0;5,16005733397038e+03;0,000000000000000;8;0;1,27408823060997e+02;0,000000000000000;Franca;4;6279;44
Itobi;3523800;2022-11-05;1274;0;1,67433302667893e+04;0,000000000000000;24;0;3,15415954790380e+02;0,000000000000000;São João da Boa Vista;14;7609;44
Itu;3523909;2022-11-05;34722;9;2,04521358056688e+04;13,714285714285714;577;0;3,39867587116839e+02;0,000000000000000;Sorocaba;6;169772;44
Itupeva;3524006;2022-11-05;8883;2;1,50154667928802e+04;0,428571428571429;168;0;2,83980459439815e+02;0,000000000000000;Campinas;3;59159;44
Ituverava;3524105;2022-11-05;3998;0;9,93390647517766e+03;0,000000000000000;161;0;4,00039755503653e+02;0,000000000000000;Franca;4;40246;44
Sarapuí;3551108;2022-11-05;524;0;5,18298714144411e+03;0,000000000000000;7;0;6,92383778437191e+01;0,000000000000000;Sorocaba;6;10110;44
Sarutaiá;3551207;2022-11-05;149;0;4,08667032364235e+03;0,000000000000000;22;0;6,03400987383434e+02;0,000000000000000;Bauru;12;3646;44
Sebastianópolis do Sul;3551306;2022-11-05;313;0;9,50501062860613e+03;0,000000000000000;10;0;3,03674460977832e+02;0,000000000000000;São José do Rio Preto;15;3293;44
Serra Azul;3551405;2022-11-05;1393;0;1,13418010096076e+04;0,000000000000000;20;0;1,62839928350432e+02;0,000000000000000;Ribeirão Preto;1;12282;44
Serrana;3551504;2022-11-05;10293;0;2,31646937030202e+04;0,000000000000000;144;0;3,24076157897106e+02;0,142857142857143;Ribeirão Preto;1;44434;44
Serra Negra;3551603;2022-11-05;6450;1;2,35058309037901e+04;0,285714285714286;94;0;3,42565597667638e+02;0,000000000000000;Campinas;3;27440;44
Sertãozinho;3551702;2022-11-05;20272;0;1,65681827469249e+04;0,000000000000000;565;0;4,61771075967472e+02;0,000000000000000;Ribeirão Preto;1;122355;44
Sete Barras;3551801;2022-11-05;2839;0;2,24817865061768e+04;0,000000000000000;47;0;3,72188786822933e+02;0,000000000000000;Registro;9;12628;44
Severínia;3551900;2022-11-05;2583;0;1,50823309587761e+04;0,000000000000000;82;0;4,78804157421464e+02;0,000000000000000;Barretos;16;17126;44
Silveiras;3552007;2022-11-05;561;0;9,04255319148936e+03;0,000000000000000;11;0;1,77304964539007e+02;0,000000000000000;Taubaté;17;6204;44
Socorro;3552106;2022-11-05;5989;0;1,54423329809453e+04;0,285714285714286;109;0;2,81050975943068e+02;0,428571428571429;Campinas;3;38783;44
Sorocaba;3552205;2022-11-05;105244;1;1,59812435558890e+04;2,428571428571428;3195;0;4,85158993967021e+02;0,142857142857143;Sorocaba;6;658547;44
Sud Mennucci;3552304;2022-11-05;958;0;1,24205886166213e+04;0,000000000000000;18;0;2,33372228704784e+02;0,000000000000000;Araçatuba;7;7713;44
Sumaré;3552403;2022-11-05;38426;4;1,35679279126591e+04;0,571428571428571;985;0;3,47795997344745e+02;0,000000000000000;Campinas;3;283212;44
Suzano;3552502;2022-11-05;29294;0;1,00665974804297e+04;0,428571428571429;1035;0;3,55667658641521e+02;0,142857142857143;Grande São Paulo;10;291002;44
Suzanápolis;3552551;2022-11-05;400;0;1,01342791993919e+04;0,000000000000000;12;0;3,04028375981758e+02;0,000000000000000;Araçatuba;7;3947;44
Tabapuã;3552601;2022-11-05;3215;0;2,70349815001682e+04;0,000000000000000;68;0;5,71812983518332e+02;0,000000000000000;São José do Rio Preto;15;11892;44
Tabatinga;3552700;2022-11-05;3051;0;1,91923004340442e+04;0,000000000000000;60;0;3,77429703717683e+02;0,000000000000000;Araraquara;8;15897;44
Taboão da Serra;3552809;2022-11-05;19813;1;6,97957875232060e+03;0,428571428571429;1042;0;3,67068140105893e+02;0,142857142857143;Grande São Paulo;10;283871;44
Taciba;3552908;2022-11-05;856;0;1,41394119590353e+04;0,000000000000000;27;0;4,45986124876115e+02;0,000000000000000;Presidente Prudente;2;6054;44
Taguaí;3553005;2022-11-05;3483;0;2,61506119078009e+04;0,000000000000000;46;0;3,45371274119679e+02;0,000000000000000;Bauru;12;13319;44
Taiaçu;3553104;2022-11-05;1251;0;2,07222130197118e+04;0,000000000000000;15;0;2,48467782010933e+02;0,000000000000000;Barretos;16;6037;44
Taiúva;3553203;2022-11-05;1086;0;1,72985027078687e+04;0,000000000000000;18;0;2,86715514495062e+02;0,000000000000000;Barretos;16;6278;44
Tambaú;3553302;2022-11-05;5059;0;2,21856773231592e+04;0,000000000000000;61;0;2,67508661141078e+02;0,000000000000000;São João da Boa Vista;14;22803;44
Tanabi;3553401;2022-11-05;6831;0;2,72097191794463e+04;0,000000000000000;132;0;5,25791674965146e+02;0,000000000000000;São José do Rio Preto;15;25105;44
Tapiraí;3553500;2022-11-05;868;0;1,12741914534355e+04;0,000000000000000;11;0;1,42875698142616e+02;0,000000000000000;Sorocaba;6;7699;44
Tapiratiba;3553609;2022-11-05;3097;0;2,45598731165741e+04;0,000000000000000;42;0;3,33068992862807e+02;0,000000000000000;São João da Boa Vista;14;12610;44
Taquaral;3553658;2022-11-05;398;0;1,44674663758633e+04;0,000000000000000;12;0;4,36205016357688e+02;0,000000000000000;Barretos;16;2751;44
Taquaritinga;3553708;2022-11-05;14075;3;2,58261619479257e+04;0,428571428571429;248;0;4,55054221178370e+02;0,000000000000000;Araraquara;8;54499;44
Taquarituba;3553807;2022-11-05;6555;0;2,82628379252361e+04;0,000000000000000;117;0;5,04462553356616e+02;0,000000000000000;Bauru;12;23193;44
Taquarivaí;3553856;2022-11-05;1008;0;1,75426383571180e+04;0,000000000000000;21;0;3,65471632439958e+02;0,000000000000000;Sorocaba;6;5746;44
Tarabai;3553906;2022-11-05;957;0;1,31654973173752e+04;0,000000000000000;35;0;4,81496767093135e+02;0,000000000000000;Presidente Prudente;2;7269;44
Tarumã;3553955;2022-11-05;1806;0;1,21977576658112e+04;0,000000000000000;58;0;3,91733081183304e+02;0,000000000000000;Marília;5;14806;44
Tatuí;3554003;2022-11-05;20894;4;1,73938379827344e+04;3,857142857142857;524;0;4,36219541636489e+02;0,142857142857143;Sorocaba;6;120123;44
Taubaté;3554102;2022-11-05;35605;6;1,15840981777129e+04;2,000000000000000;1146;0;3,72851467817973e+02;0,000000000000000;Taubaté;17;307361;44
Tejupá;3554201;2022-11-05;283;0;6,02512241856504e+03;0,000000000000000;12;0;2,55482222695337e+02;0,000000000000000;Bauru;12;4697;44
Teodoro Sampaio;3554300;2022-11-05;3613;0;1,61193896671723e+04;0,000000000000000;61;0;2,72151333987686e+02;0,000000000000000;Presidente Prudente;2;22414;44
Gália;3516606;2022-11-06;1009;0;1,53740667377724e+04;0,000000000000000;21;0;3,19975620905074e+02;0,000000000000000;Marília;5;6563;45
Garça;3516705;2022-11-06;8989;0;2,11590518560365e+04;0,000000000000000;165;0;3,88390650377798e+02;0,000000000000000;Marília;5;42483;45
Gastão Vidigal;3516804;2022-11-06;543;0;1,13884228187919e+04;0,000000000000000;18;0;3,77516778523490e+02;0,000000000000000;São José do Rio Preto;15;4768;45
Gavião Peixoto;3516853;2022-11-06;1937;0;4,20173535791757e+04;0,000000000000000;23;0;4,98915401301518e+02;0,000000000000000;Araraquara;8;4610;45
General Salgado;3516903;2022-11-06;1579;0;1,48290758827949e+04;0,000000000000000;51;0;4,78963185574756e+02;0,000000000000000;São José do Rio Preto;15;10648;45
Getulina;3517000;2022-11-06;1059;0;9,76306812943671e+03;0,142857142857143;36;0;3,31889001567254e+02;0,000000000000000;Bauru;12;10847;45
Glicério;3517109;2022-11-06;1232;0;2,59423036428722e+04;0,000000000000000;22;0;4,63255422194146e+02;0,000000000000000;Araçatuba;7;4749;45
Guaiçara;3517208;2022-11-06;1692;0;1,41625512681008e+04;0,000000000000000;30;0;2,51109065037248e+02;0,000000000000000;Bauru;12;11947;45
Guaimbê;3517307;2022-11-06;953;0;1,72208167690640e+04;0,000000000000000;9;0;1,62631008312252e+02;0,000000000000000;Marília;5;5534;45
Guaíra;3517406;2022-11-06;9125;0;2,33608970584470e+04;0,000000000000000;240;0;6,14423593866004e+02;0,000000000000000;Barretos;16;39061;45
Guapiaçu;3517505;2022-11-06;2394;0;1,14831158864160e+04;0,000000000000000;96;0;4,60475825019187e+02;0,000000000000000;São José do Rio Preto;15;20848;45
Guapiara;3517604;2022-11-06;2894;0;1,62812939521800e+04;0,000000000000000;97;0;5,45710267229255e+02;0,000000000000000;Sorocaba;6;17775;45
Guará;3517703;2022-11-06;3802;0;1,82577794852094e+04;0,000000000000000;116;0;5,57049558202075e+02;0,000000000000000;Franca;4;20824;45
Guaraçaí;3517802;2022-11-06;1603;0;1,90561103185925e+04;0,000000000000000;30;0;3,56633380884451e+02;0,000000000000000;Araçatuba;7;8412;45
Guaraci;3517901;2022-11-06;2392;0;2,17890326106759e+04;0,000000000000000;30;0;2,73273820368009e+02;0,000000000000000;Barretos;16;10978;45
Guarani d'Oeste;3518008;2022-11-06;871;0;4,53173777315297e+04;0,000000000000000;8;0;4,16233090530697e+02;0,000000000000000;São José do Rio Preto;15;1922;45
Guarantã;3518107;2022-11-06;314;0;4,84792342133704e+03;0,000000000000000;25;0;3,85981164119191e+02;0,000000000000000;Marília;5;6477;45
Guararapes;3518206;2022-11-06;9251;0;2,88408779149520e+04;0,000000000000000;133;0;4,14640229455044e+02;0,000000000000000;Araçatuba;7;32076;45
Guararema;3518305;2022-11-06;2571;0;8,73628053960379e+03;0,285714285714286;111;0;3,77178973121751e+02;0,000000000000000;Grande São Paulo;10;29429;45
Guaratinguetá;3518404;2022-11-06;17197;0;1,45312433985382e+04;0,000000000000000;382;0;3,22785077527568e+02;0,000000000000000;Taubaté;17;118345;45
Guareí;3518503;2022-11-06;4305;0;2,73333333333333e+04;4,142857142857143;39;0;2,47619047619048e+02;0,000000000000000;Sorocaba;6;15750;45
Guariba;3518602;2022-11-06;5062;0;1,29725019861100e+04;0,000000000000000;130;0;3,33153942748776e+02;0,000000000000000;Ribeirão Preto;1;39021;45
Guarujá;3518701;2022-11-06;28069;0;8,87122517027228e+03;0,857142857142857;1486;0;4,69651238128348e+02;0,000000000000000;Baixada Santista;13;316405;45
Guarulhos;3518800;2022-11-06;84546;2;6,25675750679913e+03;3,571428571428572;5530;0;4,09243122236406e+02;0,142857142857143;Grande São Paulo;10;1351275;45
Guatapará;3518859;2022-11-06;1128;0;1,51612903225806e+04;0,000000000000000;28;0;3,76344086021505e+02;0,000000000000000;Ribeirão Preto;1;7440;45
Guzolândia;3518909;2022-11-06;865;0;1,69375367143137e+04;0,000000000000000;34;0;6,65752888192677e+02;0,000000000000000;Araçatuba;7;5107;45
Herculândia;3519006;2022-11-06;1255;0;1,35529157667387e+04;0,000000000000000;33;0;3,56371490280778e+02;0,000000000000000;Marília;5;9260;45
Holambra;3519055;2022-11-06;3813;0;2,63092527427034e+04;0,000000000000000;20;0;1,37997654039881e+02;0,000000000000000;Campinas;3;14493;45
Hortolândia;3519071;2022-11-06;37208;0;1,61585630656452e+04;0,142857142857143;884;0;3,83900498549516e+02;0,000000000000000;Campinas;3;230268;45
Iacanga;3519105;2022-11-06;1892;0;1,67344772687069e+04;0,000000000000000;34;0;3,00725278613126e+02;0,000000000000000;Bauru;12;11306;45
Iacri;3519204;2022-11-06;1686;0;2,68813775510204e+04;0,000000000000000;23;0;3,66709183673469e+02;0,000000000000000;Marília;5;6272;45
Iaras;3519253;2022-11-06;300;0;4,35161009573542e+03;0,000000000000000;24;0;3,48128807658834e+02;0,000000000000000;Bauru;12;6894;45
Ibaté;3519303;2022-11-06;5954;1;1,71397317059128e+04;0,285714285714286;112;0;3,22413495307732e+02;0,000000000000000;Araraquara;8;34738;45
Ibirá;3519402;2022-11-06;2254;0;1,86914337838958e+04;0,285714285714286;49;0;4,06335517041214e+02;0,285714285714286;São José do Rio Preto;15;12059;45
Ibirarema;3519501;2022-11-06;1224;0;1,63004394726328e+04;0,000000000000000;37;0;4,92742042881875e+02;0,000000000000000;Marília;5;7509;45
Ibitinga;3519600;2022-11-06;15767;0;2,69516760397258e+04;0,000000000000000;310;0;5,29905471701338e+02;0,000000000000000;Araraquara;8;58501;45
Ibiúna;3519709;2022-11-06;5340;0;6,98678529373283e+03;0,142857142857143;164;0;2,14575428496664e+02;0,000000000000000;Sorocaba;6;76430;45
Pacaembu;3534906;2022-11-06;3791;0;2,90364583333333e+04;0,142857142857143;52;0;3,98284313725490e+02;0,000000000000000;Marília;5;13056;45
Palestina;3535002;2022-11-06;2323;0;1,91036184210526e+04;0,000000000000000;47;0;3,86513157894737e+02;0,000000000000000;São José do Rio Preto;15;12160;45
Palmares Paulista;3535101;2022-11-06;2268;0;1,74501808109564e+04;0,000000000000000;47;0;3,61621912749096e+02;0,000000000000000;São José do Rio Preto;15;12997;45
Palmeira d'Oeste;3535200;2022-11-06;2357;0;2,58159912376780e+04;0,000000000000000;35;0;3,83351588170865e+02;0,000000000000000;São José do Rio Preto;15;9130;45
Palmital;3535309;2022-11-06;4803;0;2,22371406083615e+04;0,000000000000000;81;0;3,75017361914903e+02;0,000000000000000;Marília;5;21599;45
Panorama;3535408;2022-11-06;2287;0;1,50470425685900e+04;0,142857142857143;81;0;5,32929798013027e+02;0,000000000000000;Presidente Prudente;2;15199;45
Paraguaçu Paulista;3535507;2022-11-06;9728;0;2,20190131281123e+04;0,000000000000000;172;0;3,89316432775011e+02;0,000000000000000;Marília;5;44180;45
Paraibuna;3535606;2022-11-06;1334;0;7,31760833790455e+03;0,000000000000000;60;0;3,29127811300055e+02;0,000000000000000;Taubaté;17;18230;45
Paraíso;3535705;2022-11-06;1136;0;1,81209124262243e+04;0,000000000000000;31;0;4,94496729940979e+02;0,000000000000000;São José do Rio Preto;15;6269;45
Paranapanema;3535804;2022-11-06;2161;0;1,08255685803026e+04;0,000000000000000;90;0;4,50856627592426e+02;0,000000000000000;Bauru;12;19962;45
Paranapuã;3535903;2022-11-06;1194;0;3,06783144912641e+04;0,285714285714286;29;0;7,45118191161357e+02;0,142857142857143;São José do Rio Preto;15;3892;45
Parapuã;3536000;2022-11-06;1593;0;1,51613210240792e+04;0,000000000000000;50;0;4,75873227372228e+02;0,000000000000000;Marília;5;10507;45
Pardinho;3536109;2022-11-06;1205;0;1,88516896120150e+04;0,000000000000000;19;0;2,97246558197747e+02;0,000000000000000;Bauru;12;6392;45
Pariquera-Açu;3536208;2022-11-06;3961;0;2,05755545166485e+04;0,142857142857143;77;0;3,99979221858605e+02;0,000000000000000;Registro;9;19251;45
Parisi;3536257;2022-11-06;988;0;4,81012658227848e+04;0,000000000000000;20;0;9,73709834469328e+02;0,000000000000000;São José do Rio Preto;15;2054;45
Patrocínio Paulista;3536307;2022-11-06;1143;0;7,90292470441817e+03;0,000000000000000;38;0;2,62739403996405e+02;0,000000000000000;Franca;4;14463;45
Paulicéia;3536406;2022-11-06;1711;0;2,39434648754548e+04;0,000000000000000;26;0;3,63839910439407e+02;0,000000000000000;Presidente Prudente;2;7146;45
Paulínia;3536505;2022-11-06;23800;0;2,26586821786609e+04;1,571428571428571;346;0;3,29407732513305e+02;0,000000000000000;Campinas;3;105037;45
Paulistânia;3536570;2022-11-06;210;0;1,18711136235161e+04;0,000000000000000;7;0;3,95703787450537e+02;0,000000000000000;Bauru;12;1769;45
Paulo de Faria;3536604;2022-11-06;1230;0;1,44349254782303e+04;0,428571428571429;42;0;4,92899894378594e+02;0,000000000000000;São José do Rio Preto;15;8521;45
Pederneiras;3536703;2022-11-06;8725;0;1,91463682247092e+04;3,285714285714286;143;0;3,13802940531051e+02;0,000000000000000;Bauru;12;45570;45
Pedra Bela;3536802;2022-11-06;284;0;4,76190476190476e+03;0,000000000000000;12;0;2,01207243460765e+02;0,142857142857143;Campinas;3;5964;45
Pedranópolis;3536901;2022-11-06;279;0;1,15194054500413e+04;0,000000000000000;10;0;4,12881915772089e+02;0,000000000000000;São José do Rio Preto;15;2422;45
Pedregulho;3537008;2022-11-06;388;0;2,38343878616623e+03;0,000000000000000;24;0;1,47429203268014e+02;0,000000000000000;Franca;4;16279;45
Pedreira;3537107;2022-11-06;6005;0;1,29006616825642e+04;0,142857142857143;130;0;2,79281601787402e+02;0,000000000000000;Campinas;3;46548;45
Pedrinhas Paulista;3537156;2022-11-06;729;0;2,42192691029900e+04;0,000000000000000;12;0;3,98671096345515e+02;0,000000000000000;Marília;5;3010;45
Pedro de Toledo;3537206;2022-11-06;913;0;8,31739090826273e+03;0,000000000000000;22;0;2,00419058030427e+02;0,000000000000000;Registro;9;10977;45
Penápolis;3537305;2022-11-06;18244;0;3,00194161977161e+04;31,000000000000000;314;0;5,16668312107151e+02;0,000000000000000;Araçatuba;7;60774;45
Rifaina;3543600;2022-11-06;1018;0;2,93540945790081e+04;0,000000000000000;12;0;3,46020761245675e+02;0,000000000000000;Franca;4;3468;45
Rincão;3543709;2022-11-06;1831;0;1,74447408536585e+04;0,000000000000000;49;0;4,66844512195122e+02;0,000000000000000;Araraquara;8;10496;45
Rinópolis;3543808;2022-11-06;671;0;6,90329218106996e+03;0,000000000000000;20;0;2,05761316872428e+02;0,000000000000000;Marília;5;9720;45
Rio Claro;3543907;2022-11-06;13789;0;6,85297099576566e+03;0,142857142857143;691;0;3,43418881577640e+02;0,000000000000000;Piracicaba;11;201212;45
Rio das Pedras;3544004;2022-11-06;3728;0;1,08321710832171e+04;0,000000000000000;121;0;3,51580660158066e+02;0,000000000000000;Piracicaba;11;34416;45
Rio Grande da Serra;3544103;2022-11-06;2414;0;4,84583266420427e+03;0,000000000000000;107;0;2,14790428777903e+02;0,000000000000000;Grande São Paulo;10;49816;45
Riolândia;3544202;2022-11-06;2936;0;2,56845420348176e+04;0,000000000000000;33;0;2,88688653661097e+02;0,000000000000000;São José do Rio Preto;15;11431;45
Rosana;3544251;2022-11-06;4468;0;2,42997770163703e+04;0,000000000000000;53;0;2,88247131125252e+02;0,000000000000000;Presidente Prudente;2;18387;45
Roseira;3544301;2022-11-06;1605;0;1,50817515504604e+04;0,000000000000000;31;0;2,91298628077429e+02;0,000000000000000;Taubaté;17;10642;45
Rubiácea;3544400;2022-11-06;733;0;2,35994848679974e+04;0,000000000000000;11;0;3,54153251770766e+02;0,000000000000000;Araçatuba;7;3106;45
Rubinéia;3544509;2022-11-06;1255;0;4,19872867179659e+04;0,000000000000000;19;0;6,35664101706256e+02;0,000000000000000;São José do Rio Preto;15;2989;45
Sabino;3544608;2022-11-06;304;0;5,55961960497440e+03;0,000000000000000;30;0;5,48646671543526e+02;0,000000000000000;Bauru;12;5468;45
Sagres;3544707;2022-11-06;266;0;1,12616426756986e+04;0,000000000000000;4;0;1,69348010160881e+02;0,000000000000000;Marília;5;2362;45
Sales;3544806;2022-11-06;855;0;1,41322314049587e+04;0,000000000000000;46;0;7,60330578512397e+02;0,000000000000000;São José do Rio Preto;15;6050;45
Sales Oliveira;3544905;2022-11-06;1856;0;1,61139086646987e+04;0,000000000000000;33;0;2,86508074318458e+02;0,000000000000000;Franca;4;11518;45
Salesópolis;3545001;2022-11-06;710;0;4,21665280912222e+03;0,000000000000000;63;0;3,74153699964366e+02;0,142857142857143;Grande São Paulo;10;16838;45
Salmourão;3545100;2022-11-06;474;0;9,26324017979285e+03;0,000000000000000;25;0;4,88567520031268e+02;0,000000000000000;Marília;5;5117;45
Saltinho;3545159;2022-11-06;2572;0;3,27226463104326e+04;0,000000000000000;25;0;3,18066157760814e+02;0,000000000000000;Piracicaba;11;7860;45
Salto;3545209;2022-11-06;24420;0;2,11663141836841e+04;1,142857142857143;528;0;4,57650036403980e+02;0,285714285714286;Sorocaba;6;115372;45
Salto de Pirapora;3545308;2022-11-06;4458;0;1,00807272233905e+04;0,000000000000000;188;0;4,25118151188296e+02;0,000000000000000;Sorocaba;6;44223;45
Salto Grande;3545407;2022-11-06;2061;0;2,26608026388125e+04;0,000000000000000;19;0;2,08905992303463e+02;0,000000000000000;Marília;5;9095;45
Sandovalina;3545506;2022-11-06;715;0;1,69793398242698e+04;0,000000000000000;14;0;3,32462597957730e+02;0,000000000000000;Presidente Prudente;2;4211;45
Santa Adélia;3545605;2022-11-06;2800;0;1,88020413644910e+04;0,000000000000000;67;0;4,49905989793178e+02;0,000000000000000;São José do Rio Preto;15;14892;45
Santa Albertina;3545704;2022-11-06;2075;0;3,65832157968970e+04;0,000000000000000;29;0;5,11283497884344e+02;0,000000000000000;São José do Rio Preto;15;5672;45
Santa Bárbara d'Oeste;3545803;2022-11-06;29442;0;1,55988238099022e+04;1,714285714285714;896;0;4,74714561975152e+02;0,000000000000000;Campinas;3;188745;45
Santa Branca;3546009;2022-11-06;2003;0;1,41265251428168e+04;0,000000000000000;37;0;2,60949291205304e+02;0,000000000000000;Taubaté;17;14179;45
Santa Clara d'Oeste;3546108;2022-11-06;515;0;2,56729810568295e+04;0,000000000000000;22;0;1,09670987038883e+03;0,000000000000000;São José do Rio Preto;15;2006;45
Santa Cruz da Conceição;3546207;2022-11-06;1942;0;4,46539434352725e+04;0,000000000000000;17;0;3,90894458496206e+02;0,000000000000000;Piracicaba;11;4349;45
Santa Cruz da Esperança;3546256;2022-11-06;202;0;9,72556571978816e+03;0,000000000000000;7;0;3,37024554646124e+02;0,000000000000000;Ribeirão Preto;1;2077;45
Santa Cruz das Palmeiras;3546306;2022-11-06;5585;0;1,65584511844407e+04;0,000000000000000;139;0;4,12108274778381e+02;0,000000000000000;São João da Boa Vista;14;33729;45
Santa Cruz do Rio Pardo;3546405;2022-11-06;8770;0;1,90197354153112e+04;0,000000000000000;206;0;4,46757753198872e+02;0,000000000000000;Marília;5;46110;45
Santa Ernestina;3546504;2022-11-06;553;0;1,00090497737557e+04;0,000000000000000;21;0;3,80090497737557e+02;0,000000000000000;Araraquara;8;5525;45
Santa Fé do Sul;3546603;2022-11-06;9083;0;2,94864303337229e+04;0,285714285714286;165;0;5,35644721464745e+02;0,000000000000000;São José do Rio Preto;15;30804;45
Santa Gertrudes;3546702;2022-11-06;3939;0;1,50406659284432e+04;0,000000000000000;87;0;3,32200542212379e+02;0,000000000000000;Piracicaba;11;26189;45
Santa Isabel;3546801;2022-11-06;7773;0;1,41106633264350e+04;0,000000000000000;297;0;5,39156954580111e+02;0,142857142857143;Grande São Paulo;10;55086;45
Santa Lúcia;3546900;2022-11-06;781;0;9,12170053725765e+03;0,000000000000000;25;0;2,91987853305302e+02;0,000000000000000;Araraquara;8;8562;45
Santa Maria da Serra;3547007;2022-11-06;1341;0;2,18368343917929e+04;0,000000000000000;12;0;1,95407914020518e+02;0,000000000000000;Piracicaba;11;6141;45
Santa Mercedes;3547106;2022-11-06;816;0;2,90081763242090e+04;0,000000000000000;11;0;3,91041592605759e+02;0,000000000000000;Presidente Prudente;2;2813;45
Cajati;3509254;2022-11-08;6509;0;2,24510209713024e+04;0,000000000000000;114;0;3,93211920529801e+02;0,000000000000000;Registro;9;28992;45
Cajobi;3509304;2022-11-08;2317;0;2,29292429490351e+04;0,000000000000000;38;0;3,76051459673429e+02;0,000000000000000;Barretos;16;10105;45
Cajuru;3509403;2022-11-08;2092;0;8,15181389549156e+03;0,000000000000000;78;0;3,03939523828079e+02;0,000000000000000;Ribeirão Preto;1;25663;45
Campina do Monte Alegre;3509452;2022-11-08;631;0;1,08568479008947e+04;0,000000000000000;28;0;4,81761871988988e+02;0,000000000000000;Sorocaba;6;5812;45
Campinas;3509502;2022-11-08;201011;59;1,71000279880664e+04;44,857142857142854;5311;1;4,51807357033299e+02;0,285714285714286;Campinas;3;1175501;45
Campo Limpo Paulista;3509601;2022-11-08;9610;0;1,16003959344294e+04;0,428571428571429;315;0;3,80241906279423e+02;0,000000000000000;Campinas;3;82842;45
Campos do Jordão;3509700;2022-11-08;12325;0;2,45919629673969e+04;0,000000000000000;161;0;3,21241869188715e+02;0,000000000000000;Taubaté;17;50118;45
Campos Novos Paulista;3509809;2022-11-08;321;0;6,66389869213203e+03;0,000000000000000;13;0;2,69877517126842e+02;0,000000000000000;Marília;5;4817;45
Cananéia;3509908;2022-11-08;2226;0;1,80374361883154e+04;0,000000000000000;39;0;3,16019771493396e+02;0,000000000000000;Registro;9;12341;45
Canas;3509957;2022-11-08;236;0;4,66034755134281e+03;0,000000000000000;9;0;1,77725118483412e+02;0,000000000000000;Taubaté;17;5064;45
Cândido Mota;3510005;2022-11-08;7634;0;2,54305606449249e+04;0,142857142857143;187;0;6,22938805423232e+02;0,000000000000000;Marília;5;30019;45
Cândido Rodrigues;3510104;2022-11-08;151;0;5,64697083021690e+03;0,000000000000000;8;0;2,99177262528048e+02;0,000000000000000;Araraquara;8;2674;45
Canitar;3510153;2022-11-08;1590;0;3,18573432177920e+04;0,000000000000000;28;0;5,61009817671809e+02;0,000000000000000;Marília;5;4991;45
Capão Bonito;3510203;2022-11-08;9933;0;2,13990262398208e+04;1,142857142857143;183;0;3,94243612391745e+02;0,000000000000000;Sorocaba;6;46418;45
Capela do Alto;3510302;2022-11-08;1715;0;8,34874890468309e+03;0,000000000000000;48;0;2,33667607827865e+02;0,000000000000000;Sorocaba;6;20542;45
Capivari;3510401;2022-11-08;5930;15;1,09347052423890e+04;3,285714285714286;151;19;2,78438531467242e+02;3,857142857142857;Piracicaba;11;54231;45
Caraguatatuba;3510500;2022-11-08;33690;16;2,90165882900109e+04;2,428571428571428;535;0;4,60785833634782e+02;0,000000000000000;Taubaté;17;116106;45
Carapicuíba;3510609;2022-11-08;39043;1;9,89437351431077e+03;0,571428571428571;1276;0;3,23367072311568e+02;0,000000000000000;Grande São Paulo;10;394598;45
Cardoso;3510708;2022-11-08;3282;1;2,80010238034297e+04;0,142857142857143;71;0;6,05750362597048e+02;0,000000000000000;São José do Rio Preto;15;11721;45
Casa Branca;3510807;2022-11-08;5941;1;2,01649582513068e+04;0,142857142857143;131;0;4,44640553933881e+02;0,000000000000000;São João da Boa Vista;14;29462;45
Cássia dos Coqueiros;3510906;2022-11-08;258;0;1,03406813627255e+04;0,000000000000000;4;0;1,60320641282565e+02;0,000000000000000;Ribeirão Preto;1;2495;45
Castilho;3511003;2022-11-08;4286;0;2,06773446545735e+04;0,142857142857143;100;0;4,82439212659205e+02;0,000000000000000;Araçatuba;7;20728;45
Catanduva;3511102;2022-11-08;35731;0;3,04856406668601e+04;0,000000000000000;720;0;6,14303022029589e+02;0,000000000000000;São José do Rio Preto;15;117206;45
Catiguá;3511201;2022-11-08;921;0;1,22327002257936e+04;0,000000000000000;40;0;5,31279054323283e+02;0,000000000000000;São José do Rio Preto;15;7529;45
Cedral;3511300;2022-11-08;3287;0;3,72000905387053e+04;0,714285714285714;39;0;4,41376188320507e+02;0,000000000000000;São José do Rio Preto;15;8836;45
Cerqueira César;3511409;2022-11-08;4190;0;2,18081507312757e+04;0,000000000000000;59;0;3,07083745380732e+02;0,000000000000000;Bauru;12;19213;45
Cerquilho;3511508;2022-11-08;13994;2;3,01523345758549e+04;0,285714285714286;170;0;3,66292473766995e+02;0,000000000000000;Sorocaba;6;46411;45
Cesário Lange;3511607;2022-11-08;4433;0;2,57015306122449e+04;0,000000000000000;80;0;4,63821892393321e+02;0,000000000000000;Sorocaba;6;17248;45
Charqueada;3511706;2022-11-08;3964;0;2,34099096438906e+04;0,000000000000000;52;0;3,07092659304317e+02;0,000000000000000;Piracicaba;11;16933;45
Clementina;3511904;2022-11-08;979;0;1,17611725132148e+04;0,142857142857143;24;0;2,88322921672273e+02;0,000000000000000;Araçatuba;7;8324;45
Colina;3512001;2022-11-08;2604;0;1,47929330227802e+04;0,000000000000000;73;0;4,14702039425098e+02;0,000000000000000;Barretos;16;17603;45
Colômbia;3512100;2022-11-08;1215;0;2,00959311941780e+04;0,000000000000000;18;0;2,97717499173007e+02;0,000000000000000;Barretos;16;6046;45
Conchal;3512209;2022-11-08;4870;0;1,78492889605630e+04;0,000000000000000;95;0;3,48189415041783e+02;0,000000000000000;Piracicaba;11;27284;45
Conchas;3512308;2022-11-08;3954;0;2,30769230769231e+04;0,000000000000000;84;0;4,90253297537061e+02;0,000000000000000;Bauru;12;17134;45
Cordeirópolis;3512407;2022-11-08;6026;0;2,47413368369190e+04;0,428571428571429;116;0;4,76268681228445e+02;0,000000000000000;Piracicaba;11;24356;45
Coroados;3512506;2022-11-08;1587;0;2,67802902463719e+04;0,000000000000000;24;0;4,04994937563280e+02;0,000000000000000;Araçatuba;7;5926;45
Marabá Paulista;3528700;2022-11-08;744;0;1,50882174001217e+04;0,000000000000000;6;0;1,21679172581626e+02;0,000000000000000;Presidente Prudente;2;4931;45
Maracaí;3528809;2022-11-08;3421;0;2,53013830337993e+04;0,000000000000000;56;0;4,14170549515568e+02;0,142857142857143;Marília;5;13521;45
Marapoama;3528858;2022-11-08;1074;0;3,69580178940124e+04;0,000000000000000;15;0;5,16173434273916e+02;0,000000000000000;São José do Rio Preto;15;2906;45
Mariápolis;3528908;2022-11-08;1171;0;2,94591194968553e+04;0,000000000000000;12;0;3,01886792452830e+02;0,000000000000000;Marília;5;3975;45
Marília;3529005;2022-11-08;40803;2;1,76213755754597e+04;8,285714285714286;1134;0;4,89734575952046e+02;0,142857142857143;Marília;5;231554;45
Marinópolis;3529104;2022-11-08;670;0;3,19504053409633e+04;0,000000000000000;7;0;3,33810205054840e+02;0,000000000000000;São José do Rio Preto;15;2097;45
Martinópolis;3529203;2022-11-08;2178;0;8,48527349228611e+03;0,000000000000000;93;0;3,62318840579710e+02;0,000000000000000;Presidente Prudente;2;25668;45
Matão;3529302;2022-11-08;6992;1;8,73781554611347e+03;0,142857142857143;232;0;2,89927518120470e+02;0,000000000000000;Araraquara;8;80020;45
Mauá;3529401;2022-11-08;36536;1;7,94033016612624e+03;0,714285714285714;1665;0;3,61852685751045e+02;0,142857142857143;Grande São Paulo;10;460132;45
Mendonça;3529500;2022-11-08;2023;0;4,01150109062066e+04;0,000000000000000;33;0;6,54372397382510e+02;0,000000000000000;São José do Rio Preto;15;5043;45
Meridiano;3529609;2022-11-08;647;0;1,73040920032094e+04;0,000000000000000;39;0;1,04305964161541e+03;0,000000000000000;São José do Rio Preto;15;3739;45
Mesópolis;3529658;2022-11-08;731;0;3,86159535129424e+04;0,000000000000000;6;0;3,16957210776545e+02;0,000000000000000;São José do Rio Preto;15;1893;45
Miguelópolis;3529708;2022-11-08;1535;0;7,16486183719193e+03;0,000000000000000;107;0;4,99439880507842e+02;0,000000000000000;Franca;4;21424;45
Mineiros do Tietê;3529807;2022-11-08;2379;0;1,88854489164087e+04;0,000000000000000;35;0;2,77843931094705e+02;0,000000000000000;Bauru;12;12597;45
Miracatu;3529906;2022-11-08;3475;0;1,74325273402227e+04;0,000000000000000;83;0;4,16374034313234e+02;0,000000000000000;Registro;9;19934;45
Mira Estrela;3530003;2022-11-08;554;0;1,88499489622321e+04;0,142857142857143;15;0;5,10377679482817e+02;0,000000000000000;São José do Rio Preto;15;2939;45
Mirandópolis;3530102;2022-11-08;2280;0;7,95922641904629e+03;0,000000000000000;114;0;3,97961320952314e+02;0,000000000000000;Araçatuba;7;28646;45
Mirante do Paranapanema;3530201;2022-11-08;2405;0;1,35348078113569e+04;0,000000000000000;51;0;2,87016714502786e+02;0,000000000000000;Presidente Prudente;2;17769;45
Mirassol;3530300;2022-11-08;10508;1;1,81723851687880e+04;0,142857142857143;320;0;5,53403431101273e+02;0,000000000000000;São José do Rio Preto;15;57824;45
Mirassolândia;3530409;2022-11-08;776;0;1,65036154827733e+04;0,000000000000000;21;0;4,46618460229690e+02;0,000000000000000;São José do Rio Preto;15;4702;45
Mococa;3530508;2022-11-08;13240;1;1,98343145626414e+04;0,142857142857143;290;0;4,34437403562387e+02;0,000000000000000;São João da Boa Vista;14;66753;45
Mogi das Cruzes;3530607;2022-11-08;45862;0;1,05940102331920e+04;0,000000000000000;1879;0;4,34044420831360e+02;0,000000000000000;Grande São Paulo;10;432905;45
Mogi Guaçu;3530706;2022-11-08;36463;5;2,45831788302714e+04;1,000000000000000;694;0;4,67891454576100e+02;0,000000000000000;São João da Boa Vista;14;148325;45
Mogi Mirim;3530805;2022-11-08;24561;0;2,71575315958823e+04;1,285714285714286;420;0;4,64401419741483e+02;0,000000000000000;São João da Boa Vista;14;90439;45
Mombuca;3530904;2022-11-08;468;0;1,40456182472989e+04;0,000000000000000;11;0;3,30132052821128e+02;0,000000000000000;Piracicaba;11;3332;45
Monções;3531001;2022-11-08;550;0;2,52873563218391e+04;0,000000000000000;7;0;3,21839080459770e+02;0,000000000000000;São José do Rio Preto;15;2175;45
Mongaguá;3531100;2022-11-08;2731;9;5,00091558322652e+03;1,285714285714286;110;0;2,01428309833364e+02;0,000000000000000;Baixada Santista;13;54610;45
Monte Alegre do Sul;3531209;2022-11-08;1655;0;2,13575945283262e+04;0,000000000000000;22;0;2,83907600980772e+02;0,000000000000000;Campinas;3;7749;45
Monte Alto;3531308;2022-11-08;11037;1;2,28013634955067e+04;0,285714285714286;219;0;4,52432599938023e+02;0,000000000000000;Ribeirão Preto;1;48405;45
Monte Aprazível;3531407;2022-11-08;4731;0;2,01679597578651e+04;0,000000000000000;121;0;5,15815500042629e+02;0,000000000000000;São José do Rio Preto;15;23458;45
Monte Azul Paulista;3531506;2022-11-08;2386;0;1,31163762300038e+04;0,000000000000000;28;0;1,53922269254027e+02;0,000000000000000;Barretos;16;18191;45
Monte Castelo;3531605;2022-11-08;1495;0;3,74592833876221e+04;0,000000000000000;24;0;6,01353044349787e+02;0,000000000000000;Presidente Prudente;2;3991;45
Monteiro Lobato;3531704;2022-11-08;320;0;7,16685330347144e+03;0,000000000000000;12;0;2,68756998880179e+02;0,000000000000000;Taubaté;17;4465;45
Monte Mor;3531803;2022-11-08;8097;2;1,35823799778576e+04;0,285714285714286;170;0;2,85167913577348e+02;0,000000000000000;Campinas;3;59614;45
Morro Agudo;3531902;2022-11-08;5501;0;1,70141036743783e+04;0,142857142857143;112;0;3,46406037362365e+02;0,000000000000000;Franca;4;32332;45
Morungaba;3532009;2022-11-08;1089;1;8,22072922171058e+03;0,142857142857143;41;1;3,09504038650260e+02;0,285714285714286;Campinas;3;13247;45
Motuca;3532058;2022-11-08;378;0;8,15006468305304e+03;0,000000000000000;11;0;2,37171194480379e+02;0,000000000000000;Araraquara;8;4638;45
Murutinga do Sul;3532108;2022-11-08;1041;0;2,43167484232656e+04;0,000000000000000;22;0;5,13898621817332e+02;0,000000000000000;Araçatuba;7;4281;45
Nantes;3532157;2022-11-08;257;0;8,36860957342885e+03;0,000000000000000;7;0;2,27938782155650e+02;0,000000000000000;Presidente Prudente;2;3071;45
Narandiba;3532207;2022-11-08;1780;0;3,67692625490601e+04;0,000000000000000;25;0;5,16422226812642e+02;0,000000000000000;Presidente Prudente;2;4841;45
Natividade da Serra;3532306;2022-11-08;246;0;3,67273813078531e+03;0,000000000000000;14;0;2,09017617199164e+02;0,000000000000000;Taubaté;17;6698;45
Nazaré Paulista;3532405;2022-11-08;2816;3;1,52670100298184e+04;0,571428571428571;65;0;3,52399024125779e+02;0,000000000000000;Campinas;3;18445;45
Neves Paulista;3532504;2022-11-08;2491;1;2,88979118329466e+04;0,142857142857143;58;0;6,72853828306265e+02;0,000000000000000;São José do Rio Preto;15;8620;45
Nhandeara;3532603;2022-11-08;3063;0;2,84084585420145e+04;0,000000000000000;56;0;5,19384158783157e+02;0,000000000000000;São José do Rio Preto;15;10782;45
Nipoã;3532702;2022-11-08;528;0;1,06258804588448e+04;0,000000000000000;17;0;3,42121151137050e+02;0,000000000000000;São José do Rio Preto;15;4969;45
Nova Aliança;3532801;2022-11-08;1562;0;2,42170542635659e+04;0,000000000000000;34;0;5,27131782945736e+02;0,000000000000000;São José do Rio Preto;15;6450;45
Nova Campina;3532827;2022-11-08;1168;0;1,20723514211886e+04;0,428571428571429;46;0;4,75452196382429e+02;0,000000000000000;Sorocaba;6;9675;45
Nova Canaã Paulista;3532843;2022-11-08;757;0;3,90810531750129e+04;0,000000000000000;10;0;5,16262261228704e+02;0,000000000000000;São José do Rio Preto;15;1937;45
Nova Castilho;3532868;2022-11-08;314;0;2,67006802721088e+04;0,000000000000000;4;0;3,40136054421769e+02;0,000000000000000;Araçatuba;7;1176;45
Nova Europa;3532900;2022-11-08;858;0;7,98213787329054e+03;0,000000000000000;30;0;2,79095729835334e+02;0,000000000000000;Araraquara;8;10749;45
Nova Granada;3533007;2022-11-08;5781;0;2,76364853236447e+04;0,142857142857143;87;0;4,15909742805240e+02;0,000000000000000;São José do Rio Preto;15;20918;45
Nova Guataporanga;3533106;2022-11-08;170;0;7,75901414879051e+03;0,000000000000000;4;0;1,82565038795071e+02;0,000000000000000;Presidente Prudente;2;2191;45
Nova Independência;3533205;2022-11-08;1558;0;4,17582417582418e+04;0,000000000000000;8;0;2,14419726614849e+02;0,000000000000000;Araçatuba;7;3731;45
Novais;3533254;2022-11-08;314;0;5,69976402250862e+03;0,000000000000000;17;0;3,08585950263206e+02;0,000000000000000;São José do Rio Preto;15;5509;45
Nova Luzitânia;3533304;2022-11-08;393;0;9,71810089020772e+03;0,000000000000000;14;0;3,46191889218595e+02;0,000000000000000;Araçatuba;7;4044;45
Nova Odessa;3533403;2022-11-08;10616;0;1,82911490549458e+04;0,000000000000000;280;0;4,82434225262324e+02;0,000000000000000;Campinas;3;58039;45
Novo Horizonte;3533502;2022-11-08;6261;0;1,60728038198901e+04;0,000000000000000;241;0;6,18678441238384e+02;0,000000000000000;São José do Rio Preto;15;38954;45
Nuporanga;3533601;2022-11-08;421;0;5,79251513483764e+03;0,000000000000000;14;0;1,92625206384150e+02;0,000000000000000;Franca;4;7268;45
Ocauçu;3533700;2022-11-08;953;0;2,29860106126387e+04;0,000000000000000;9;0;2,17076700434153e+02;0,000000000000000;Marília;5;4146;45
Óleo;3533809;2022-11-08;161;0;6,37119113573407e+03;0,000000000000000;6;0;2,37435694499406e+02;0,000000000000000;Marília;5;2527;45
Olímpia;3533908;2022-11-08;14496;0;2,76030162236271e+04;0,142857142857143;306;1;5,82679564323254e+02;0,142857142857143;Barretos;16;52516;45
Onda Verde;3534005;2022-11-08;953;0;2,25562130177515e+04;0,000000000000000;28;0;6,62721893491124e+02;0,000000000000000;São José do Rio Preto;15;4225;45
Oriente;3534104;2022-11-08;437;0;6,97525937749401e+03;0,000000000000000;28;0;4,46927374301676e+02;0,000000000000000;Marília;5;6265;45
Ubirajara;3555505;2022-11-04;578;0;1,23954535706627e+04;0,000000000000000;14;0;3,00235899635428e+02;0,000000000000000;Marília;5;4663;44
Uchoa;3555604;2022-11-04;1885;0;1,94671073014562e+04;0,000000000000000;39;0;4,02767737271507e+02;0,000000000000000;São José do Rio Preto;15;9683;44
União Paulista;3555703;2022-11-04;319;0;1,83438757906843e+04;0,000000000000000;7;0;4,02530189764232e+02;0,000000000000000;São José do Rio Preto;15;1739;44
Urânia;3555802;2022-11-04;3059;0;3,55243293461851e+04;0,142857142857143;50;0;5,80652653582627e+02;0,142857142857143;São José do Rio Preto;15;8611;44
Uru;3555901;2022-11-04;394;0;3,26429163214582e+04;0,000000000000000;5;0;4,14250207125104e+02;0,000000000000000;Bauru;12;1207;44
Urupês;3556008;2022-11-04;930;0;7,06472196900638e+03;0,000000000000000;53;0;4,02613187481009e+02;0,000000000000000;São José do Rio Preto;15;13164;44
Valentim Gentil;3556107;2022-11-04;4524;0;3,54267815191856e+04;0,000000000000000;76;0;5,95144870790916e+02;0,000000000000000;São José do Rio Preto;15;12770;44
Valinhos;3556206;2022-11-04;22257;14;1,78424267688509e+04;10,428571428571429;528;0;4,23273636786327e+02;0,142857142857143;Campinas;3;124742;44
Valparaíso;3556305;2022-11-04;4975;4;2,07395364348841e+04;0,571428571428571;89;0;3,71018842754711e+02;0,000000000000000;Araçatuba;7;23988;44
Vargem;3556354;2022-11-04;605;0;6,05000000000000e+03;0,000000000000000;23;0;2,30000000000000e+02;0,142857142857143;Campinas;3;10000;44
Vargem Grande do Sul;3556404;2022-11-04;5593;0;1,34767836919592e+04;0,142857142857143;116;0;2,79511337076215e+02;0,000000000000000;São João da Boa Vista;14;41501;44
Vargem Grande Paulista;3556453;2022-11-04;6640;0;1,25848148288541e+04;0,142857142857143;135;0;2,55865964140859e+02;0,000000000000000;Grande São Paulo;10;52762;44
Várzea Paulista;3556503;2022-11-04;13672;0;1,13427635126727e+04;8,714285714285714;311;0;2,58016343800556e+02;0,000000000000000;Campinas;3;120535;44
Vera Cruz;3556602;2022-11-04;706;0;6,70847586469023e+03;0,000000000000000;46;0;4,37096161155454e+02;0,000000000000000;Marília;5;10524;44
Vinhedo;3556701;2022-11-04;18070;2;2,33098128249120e+04;6,000000000000000;251;1;3,23783232930432e+02;0,142857142857143;Campinas;3;77521;44
Viradouro;3556800;2022-11-04;3054;1;1,66457731509239e+04;1,857142857142857;101;0;5,50498719136644e+02;0,000000000000000;Barretos;16;18347;44
Vista Alegre do Alto;3556909;2022-11-04;1913;0;2,38707262290991e+04;0,000000000000000;23;0;2,86997753930621e+02;0,000000000000000;Barretos;16;8014;44
Vitória Brasil;3556958;2022-11-04;770;0;4,37500000000000e+04;0,000000000000000;10;0;5,68181818181818e+02;0,000000000000000;São José do Rio Preto;15;1760;44
Votorantim;3557006;2022-11-04;12542;0;1,04670182934971e+04;0,000000000000000;572;0;4,77366804646815e+02;0,000000000000000;Sorocaba;6;119824;44
Votuporanga;3557105;2022-11-04;22635;2;2,46676111595466e+04;22,000000000000000;508;0;5,53618134263295e+02;0,000000000000000;São José do Rio Preto;15;91760;44
Zacarias;3557154;2022-11-04;280;0;1,09375000000000e+04;0,000000000000000;12;0;4,68750000000000e+02;0,000000000000000;São José do Rio Preto;15;2560;44
Chavantes;3557204;2022-11-04;2697;0;2,20649595025771e+04;0,000000000000000;61;0;4,99059150781314e+02;0,000000000000000;Marília;5;12223;44
Estiva Gerbi;3557303;2022-11-04;1195;0;1,07861720371875e+04;0,000000000000000;36;0;3,24939073923639e+02;0,000000000000000;São João da Boa Vista;14;11079;44
Adamantina;3500105;2022-11-05;10619;0;3,13300289136720e+04;0,428571428571429;181;0;5,34017820263173e+02;0,000000000000000;Marília;5;33894;44
Adolfo;3500204;2022-11-05;964;0;2,79663475485930e+04;0,000000000000000;25;0;7,25268349289237e+02;0,000000000000000;São José do Rio Preto;15;3447;44
Aguaí;3500303;2022-11-05;6870;0;1,92934172096158e+04;0,000000000000000;136;0;3,81936643450910e+02;0,000000000000000;São João da Boa Vista;14;35608;44
Águas da Prata;3500402;2022-11-05;1905;0;2,44324740284725e+04;0,142857142857143;38;0;4,87366936001026e+02;0,000000000000000;São João da Boa Vista;14;7797;44
Águas de Lindóia;3500501;2022-11-05;5183;0;2,82083378687276e+04;0,142857142857143;63;0;3,42875802764776e+02;0,000000000000000;Campinas;3;18374;44
Águas de Santa Bárbara;3500550;2022-11-05;620;0;1,04535491485416e+04;0,000000000000000;25;0;4,21514078570224e+02;0,000000000000000;Bauru;12;5931;44
Águas de São Pedro;3500600;2022-11-05;475;0;1,52146060217809e+04;0,000000000000000;16;0;5,12491992312620e+02;0,000000000000000;Piracicaba;11;3122;44
Agudos;3500709;2022-11-05;7540;0;2,08667736757624e+04;0,000000000000000;122;0;3,37632147008358e+02;0,000000000000000;Bauru;12;36134;44
Alambari;3500758;2022-11-05;1481;0;2,56272711541789e+04;0,000000000000000;13;0;2,24952413912442e+02;0,000000000000000;Sorocaba;6;5779;44
Alfredo Marcondes;3500808;2022-11-05;310;0;7,89406671759613e+03;0,000000000000000;21;0;5,34759358288770e+02;0,000000000000000;Presidente Prudente;2;3927;44
Altair;3500907;2022-11-05;321;0;7,95341922695738e+03;0,000000000000000;18;0;4,45986124876115e+02;0,000000000000000;Barretos;16;4036;44
Altinópolis;3501004;2022-11-05;1239;0;7,96630875072333e+03;0,000000000000000;67;0;4,30785057545168e+02;0,000000000000000;Ribeirão Preto;1;15553;44
Alto Alegre;3501103;2022-11-05;418;0;1,04057754543191e+04;0,000000000000000;25;0;6,22354991287030e+02;0,000000000000000;Araçatuba;7;4017;44
Alumínio;3501152;2022-11-05;1710;1;9,51480080124638e+03;0,285714285714286;56;0;3,11595815713332e+02;0,000000000000000;Sorocaba;6;17972;44
Álvares Florence;3501202;2022-11-05;648;0;1,78956089478045e+04;0,000000000000000;18;0;4,97100248550124e+02;0,000000000000000;São José do Rio Preto;15;3621;44
Álvares Machado;3501301;2022-11-05;4172;0;1,75375173399470e+04;0,142857142857143;88;0;3,69918870065997e+02;0,000000000000000;Presidente Prudente;2;23789;44
Álvaro de Carvalho;3501400;2022-11-05;342;0;6,78033306899286e+03;0,000000000000000;9;0;1,78429817605075e+02;0,000000000000000;Marília;5;5044;44
Alvinlândia;3501509;2022-11-05;155;0;4,88035264483627e+03;0,000000000000000;10;0;3,14861460957179e+02;0,000000000000000;Marília;5;3176;44
Americana;3501608;2022-11-05;28191;0;1,20754054262437e+04;0,000000000000000;991;0;4,24487488113494e+02;0,000000000000000;Campinas;3;233458;44
Américo Brasiliense;3501707;2022-11-05;6897;1;1,71383843152846e+04;0,571428571428571;108;0;2,68369654349825e+02;0,000000000000000;Araraquara;8;40243;44
Américo de Campos;3501806;2022-11-05;1291;0;2,25069735006973e+04;0,000000000000000;37;0;6,45048814504882e+02;0,000000000000000;São José do Rio Preto;15;5736;44
Amparo;3501905;2022-11-05;10624;1;1,52558192966585e+04;0,142857142857143;261;0;3,74789988368587e+02;0,000000000000000;Campinas;3;69639;44
Analândia;3502002;2022-11-05;595;0;1,22680412371134e+04;0,000000000000000;6;0;1,23711340206186e+02;0,000000000000000;Piracicaba;11;4850;44
Andradina;3502101;2022-11-05;14241;2;2,54058586363150e+04;1,285714285714286;316;0;5,63742105826524e+02;0,000000000000000;Araçatuba;7;56054;44
Angatuba;3502200;2022-11-05;5159;0;2,10562834170034e+04;0,285714285714286;93;0;3,79576343822701e+02;0,000000000000000;Sorocaba;6;24501;44
Anhembi;3502309;2022-11-05;451;0;6,75959232613909e+03;0,142857142857143;15;0;2,24820143884892e+02;0,142857142857143;Bauru;12;6672;44
Anhumas;3502408;2022-11-05;411;0;1,03709311127933e+04;0,000000000000000;10;0;2,52334090335604e+02;0,000000000000000;Presidente Prudente;2;3963;44
Aparecida;3502507;2022-11-05;2981;0;8,34803550925537e+03;0,000000000000000;128;0;3,58453051051556e+02;0,000000000000000;Taubaté;17;35709;44
Aparecida d'Oeste;3502606;2022-11-05;1650;0;3,99322362052275e+04;0,000000000000000;27;0;6,53436592449177e+02;0,000000000000000;São José do Rio Preto;15;4132;44
Apiaí;3502705;2022-11-05;1801;0;7,30154869050515e+03;0,000000000000000;108;0;4,37849671612746e+02;0,000000000000000;Sorocaba;6;24666;44
Araçariguama;3502754;2022-11-05;2934;0;1,39847473784557e+04;0,428571428571429;77;0;3,67016205910391e+02;0,000000000000000;Sorocaba;6;20980;44
Araçatuba;3502804;2022-11-05;46480;1;2,44029212102757e+04;0,285714285714286;1000;1;5,25019819498186e+02;0,142857142857143;Araçatuba;7;190469;44
Araçoiaba da Serra;3502903;2022-11-05;3297;0;1,01790676134609e+04;0,000000000000000;103;0;3,17999382525471e+02;0,000000000000000;Sorocaba;6;32390;44
Aramina;3503000;2022-11-05;394;0;7,16885007278020e+03;0,000000000000000;20;0;3,63901018922853e+02;0,000000000000000;Franca;4;5496;44
Arandu;3503109;2022-11-05;666;0;1,08029197080292e+04;0,000000000000000;22;0;3,56853203568532e+02;0,000000000000000;Bauru;12;6165;44
Arapeí;3503158;2022-11-05;276;0;1,11695669769324e+04;0,000000000000000;7;0;2,83286118980170e+02;0,000000000000000;Taubaté;17;2471;44
Araraquara;3503208;2022-11-05;61931;1;2,72083051428270e+04;2,000000000000000;649;0;2,85126835311794e+02;0,000000000000000;Araraquara;8;227618;44
Araras;3503307;2022-11-05;20306;1;1,54940216852209e+04;1,571428571428571;458;0;3,49466262771161e+02;0,000000000000000;Piracicaba;11;131057;44
Arco-Íris;3503356;2022-11-05;591;0;3,25440528634361e+04;0,000000000000000;10;0;5,50660792951542e+02;0,000000000000000;Marília;5;1816;44
Arealva;3503406;2022-11-05;2054;0;2,50610053684724e+04;0,000000000000000;30;0;3,66032210834553e+02;0,000000000000000;Bauru;12;8196;44
Areias;3503505;2022-11-05;365;0;9,49778818631278e+03;0,000000000000000;6;0;1,56128024980484e+02;0,000000000000000;Taubaté;17;3843;44
Areiópolis;3503604;2022-11-05;2206;0;2,03186884037948e+04;0,000000000000000;33;0;3,03951367781155e+02;0,000000000000000;Bauru;12;10857;44
Ariranha;3503703;2022-11-05;1038;0;1,11373390557940e+04;0,000000000000000;37;0;3,96995708154506e+02;0,000000000000000;São José do Rio Preto;15;9320;44
Artur Nogueira;3503802;2022-11-05;9083;0;1,72651067307875e+04;1,571428571428571;169;0;3,21237811020928e+02;2,000000000000000;Campinas;3;52609;44
Arujá;3503901;2022-11-05;12366;0;1,37791941522553e+04;0,142857142857143;361;0;4,02255303975753e+02;0,142857142857143;Grande São Paulo;10;89744;44
Aspásia;3503950;2022-11-05;583;0;3,30311614730878e+04;0,000000000000000;9;0;5,09915014164306e+02;0,000000000000000;São José do Rio Preto;15;1765;44
Assis;3504008;2022-11-05;23603;0;2,32814827235873e+04;0,714285714285714;468;0;4,61624959311903e+02;0,000000000000000;Marília;5;101381;44
Atibaia;3504107;2022-11-05;13257;0;9,49601020013467e+03;0,000000000000000;475;0;3,40243256020515e+02;0,142857142857143;Campinas;3;139606;44
Auriflama;3504206;2022-11-05;2267;0;1,56658143873955e+04;0,000000000000000;87;0;6,01202404809619e+02;0,000000000000000;Araçatuba;7;14471;44
Avaí;3504305;2022-11-05;830;0;1,56959152798790e+04;0,000000000000000;14;0;2,64750378214826e+02;0,000000000000000;Bauru;12;5288;44
Avanhandava;3504404;2022-11-05;1827;0;1,50817236255572e+04;0,000000000000000;48;0;3,96235760277365e+02;0,000000000000000;Araçatuba;7;12114;44
Avaré;3504503;2022-11-05;15584;0;1,78025543192671e+04;0,000000000000000;322;0;3,67840252233316e+02;0,000000000000000;Bauru;12;87538;44
Bady Bassitt;3504602;2022-11-05;4518;0;2,76685651295242e+04;0,000000000000000;101;0;6,18531447118623e+02;0,000000000000000;São José do Rio Preto;15;16329;44
Balbinos;3504701;2022-11-05;726;0;1,96004319654428e+04;0,000000000000000;4;0;1,07991360691145e+02;0,000000000000000;Bauru;12;3704;44
Bálsamo;3504800;2022-11-05;2921;0;3,42679493195683e+04;0,000000000000000;76;0;8,91600187705303e+02;0,000000000000000;São José do Rio Preto;15;8524;44
Bananal;3504909;2022-11-05;1164;0;1,09285513097362e+04;0,000000000000000;10;0;9,38878978499671e+01;0,000000000000000;Taubaté;17;10651;44
Barão de Antonina;3505005;2022-11-05;970;0;2,86727756429205e+04;0,000000000000000;11;0;3,25155187703222e+02;0,000000000000000;Bauru;12;3383;44
Barbosa;3505104;2022-11-05;935;0;1,28363536518396e+04;0,000000000000000;25;0;3,43218012081274e+02;0,000000000000000;Araçatuba;7;7284;44
Bariri;3505203;2022-11-05;6847;0;2,01423822551702e+04;0,142857142857143;151;0;4,44209101873915e+02;0,000000000000000;Bauru;12;33993;44
Barra Bonita;3505302;2022-11-05;5624;0;1,61081514578679e+04;0,000000000000000;129;0;3,69479291974566e+02;0,000000000000000;Bauru;12;34914;44
Barra do Chapéu;3505351;2022-11-05;466;0;8,42676311030741e+03;0,000000000000000;15;0;2,71247739602170e+02;0,000000000000000;Sorocaba;6;5530;44
Barra do Turvo;3505401;2022-11-05;894;0;1,16300247170548e+04;0,000000000000000;27;0;3,51242357226486e+02;0,000000000000000;Registro;9;7687;44
Barretos;3505500;2022-11-05;29562;0;2,50423556519382e+04;13,285714285714286;637;0;5,39611005692600e+02;0,000000000000000;Barretos;16;118048;44
Barrinha;3505609;2022-11-05;1759;0;5,43942111447832e+03;0,000000000000000;92;0;2,84495021337127e+02;0,000000000000000;Ribeirão Preto;1;32338;44
Barueri;3505708;2022-11-05;46597;1;1,76243428268845e+04;3,857142857142857;1259;0;4,76190476190476e+02;0,000000000000000;Grande São Paulo;10;264390;44
Bastos;3505807;2022-11-05;3813;0;1,87823259937934e+04;0,000000000000000;91;0;4,48253780601941e+02;0,000000000000000;Marília;5;20301;44
Batatais;3505906;2022-11-05;6869;0;1,14061306499286e+04;0,000000000000000;211;0;3,50370296569360e+02;0,000000000000000;Ribeirão Preto;1;60222;44
Bauru;3506003;2022-11-05;81933;5;2,24951609581989e+04;6,571428571428571;1461;0;4,01125677809047e+02;0,000000000000000;Bauru;12;364225;44
Bebedouro;3506102;2022-11-05;5906;0;7,96439889420808e+03;1,857142857142857;347;0;4,67938776886252e+02;0,000000000000000;Barretos;16;74155;44
Bento de Abreu;3506201;2022-11-05;665;0;2,25806451612903e+04;0,000000000000000;6;0;2,03735144312394e+02;0,000000000000000;Araçatuba;7;2945;44
Bernardino de Campos;3506300;2022-11-05;2056;0;1,90599796050802e+04;0,000000000000000;41;0;3,80087141930101e+02;0,000000000000000;Marília;5;10787;44
Bertioga;3506359;2022-11-05;10656;0;1,68367830620951e+04;0,142857142857143;200;0;3,16005688102386e+02;0,285714285714286;Baixada Santista;13;63290;44
Bilac;3506409;2022-11-05;969;0;1,23976458546571e+04;0,000000000000000;25;0;3,19856704196520e+02;0,000000000000000;Araçatuba;7;7816;44
Birigui;3506508;2022-11-05;30080;0;2,47920942231453e+04;0,000000000000000;648;0;5,34085008530524e+02;0,000000000000000;Araçatuba;7;121329;44
Biritiba Mirim;3506607;2022-11-05;1586;0;4,90444678087699e+03;0,000000000000000;120;0;3,71080462613643e+02;0,000000000000000;Grande São Paulo;10;32338;44
Boa Esperança do Sul;3506706;2022-11-05;2701;0;1,85228363736113e+04;0,000000000000000;27;0;1,85159786037581e+02;0,000000000000000;Araraquara;8;14582;44
Bocaina;3506805;2022-11-05;2468;0;2,03378656777915e+04;0,000000000000000;39;0;3,21384425216316e+02;0,000000000000000;Bauru;12;12135;44
Bofete;3506904;2022-11-05;2265;0;2,04496208017335e+04;0,000000000000000;29;0;2,61827374503431e+02;0,000000000000000;Bauru;12;11076;44
Boituva;3507001;2022-11-05;7040;0;1,22879285065978e+04;0,000000000000000;213;0;3,71779655100189e+02;0,000000000000000;Sorocaba;6;57292;44
Bom Jesus dos Perdões;3507100;2022-11-05;2542;0;1,04647811946812e+04;0,000000000000000;50;0;2,05837553003170e+02;0,000000000000000;Campinas;3;24291;44
Bom Sucesso de Itararé;3507159;2022-11-05;640;0;1,65760165760166e+04;0,000000000000000;7;0;1,81300181300181e+02;0,000000000000000;Sorocaba;6;3861;44
Borá;3507209;2022-11-05;203;0;2,50000000000000e+04;0,000000000000000;1;0;1,23152709359606e+02;0,000000000000000;Marília;5;812;44
Boracéia;3507308;2022-11-05;1058;0;2,22315612523639e+04;0,000000000000000;26;0;5,46333263290607e+02;0,000000000000000;Bauru;12;4759;44
Borborema;3507407;2022-11-05;4201;0;2,74163022906741e+04;0,000000000000000;59;0;3,85042093584807e+02;0,000000000000000;Araraquara;8;15323;44
Borebi;3507456;2022-11-05;305;0;1,18262892594029e+04;0,000000000000000;4;0;1,55098875533152e+02;0,000000000000000;Bauru;12;2579;44
Botucatu;3507506;2022-11-05;49788;2;3,52768625783824e+04;4,857142857142857;390;0;2,76331172281858e+02;0,000000000000000;Bauru;12;141135;44
Bragança Paulista;3507605;2022-11-05;43754;2;2,66825222588121e+04;1,142857142857143;643;0;3,92120990364679e+02;0,000000000000000;Campinas;3;163980;44
Braúna;3507704;2022-11-05;636;0;1,14553314121037e+04;0,142857142857143;26;0;4,68299711815562e+02;0,000000000000000;Araçatuba;7;5552;44
Brejo Alegre;3507753;2022-11-05;838;0;3,02745664739884e+04;0,000000000000000;14;0;5,05780346820809e+02;0,000000000000000;Araçatuba;7;2768;44
Brodowski;3507803;2022-11-05;4509;0;1,88322265380278e+04;0,000000000000000;87;0;3,63362987094349e+02;0,000000000000000;Ribeirão Preto;1;23943;44
Brotas;3507902;2022-11-05;7280;0;3,05241090146751e+04;0,142857142857143;76;0;3,18658280922432e+02;0,000000000000000;Bauru;12;23850;44
Buri;3508009;2022-11-05;4144;0;2,10590507165362e+04;0,000000000000000;106;0;5,38672629332249e+02;0,000000000000000;Sorocaba;6;19678;44
Buritama;3508108;2022-11-05;5644;0;3,40081947457219e+04;0,285714285714286;89;0;5,36273800915883e+02;0,000000000000000;Araçatuba;7;16596;44
