Irapuru;3521606;2022-11-04;1681;0;2,29206435778566e+04;0,142857142857143;42;0;5,72675211344423e+02;0,000000000000000;Presidente Prudente;2;7334;44
Itaberá;3521705;2022-11-04;5400;0;3,06574315885091e+04;0,142857142857143;77;0;4,37152265243556e+02;0,000000000000000;Sorocaba;6;17614;44
Itaí;3521804;2022-11-04;6942;1;2,61893084845512e+04;0,571428571428571;90;0;3,39532953559437e+02;0,000000000000000;Bauru;12;26507;44
Itajobi;3521903;2022-11-04;5020;0;3,43506226905707e+04;0,000000000000000;71;0;4,85835500205283e+02;0,000000000000000;São José do Rio Preto;15;14614;44
Itaju;3522000;2022-11-04;999;0;2,73399014778325e+04;0,000000000000000;11;0;3,01039956212370e+02;0,000000000000000;Bauru;12;3654;44
Itanhaém;3522109;2022-11-04;12637;2;1,27960549631925e+04;0,428571428571429;404;0;4,09084925625525e+02;0,142857142857143;Baixada Santista;13;98757;44
Itaoca;3522158;2022-11-04;287;0;9,00816070307596e+03;0,000000000000000;8;0;2,51098556183302e+02;0,000000000000000;Sorocaba;6;3186;44
Itapecerica da Serra;3522208;2022-11-04;12394;0;7,30696443205065e+03;0,285714285714286;499;0;2,94188740648159e+02;0,000000000000000;Grande São Paulo;10;169619;44
Itapetininga;3522307;2022-11-04;18241;0;1,13899469247580e+04;0,000000000000000;607;0;3,79019669060256e+02;0,000000000000000;Sorocaba;6;160150;44
Itapeva;3522406;2022-11-04;20574;5;2,24379178345130e+04;3,428571428571428;473;0;5,15851809843718e+02;0,000000000000000;Sorocaba;6;91693;44
Itapevi;3522505;2022-11-04;13037;0;5,48432149557872e+03;0,142857142857143;773;0;3,25180679303701e+02;0,000000000000000;Grande São Paulo;10;237714;44
Itapira;3522604;2022-11-04;16425;1;2,29720279720280e+04;2,714285714285714;369;0;5,16083916083916e+02;0,000000000000000;São João da Boa Vista;14;71500;44
Itapirapuã Paulista;3522653;2022-11-04;1251;0;2,99282296650718e+04;0,000000000000000;6;0;1,43540669856459e+02;0,000000000000000;Sorocaba;6;4180;44
Itápolis;3522703;2022-11-04;13519;2;3,25382689900838e+04;0,428571428571429;183;0;4,40454414171561e+02;0,000000000000000;Araraquara;8;41548;44
Itaporanga;3522802;2022-11-04;3045;0;2,07312091503268e+04;0,000000000000000;61;0;4,15305010893246e+02;0,000000000000000;Bauru;12;14688;44
Itapuí;3522901;2022-11-04;2454;1;1,78097104289136e+04;0,428571428571429;48;0;3,48356194208578e+02;0,000000000000000;Bauru;12;13779;44
Itapura;3523008;2022-11-04;679;0;1,38120423108218e+04;0,000000000000000;17;0;3,45809601301871e+02;0,000000000000000;Araçatuba;7;4916;44
Itaquaquecetuba;3523107;2022-11-04;27090;80;7,30998491590414e+03;89,571428571428569;1159;1;3,12745386398409e+02;0,285714285714286;Grande São Paulo;10;370589;44
Itararé;3523206;2022-11-04;10448;1;2,13146191195071e+04;0,428571428571429;276;0;5,63058468317761e+02;0,000000000000000;Sorocaba;6;49018;44
Itariri;3523305;2022-11-04;1865;0;1,07965728841033e+04;0,000000000000000;51;0;2,95241403265023e+02;0,000000000000000;Registro;9;17274;44
Itatiba;3523404;2022-11-04;25142;2;2,13219580040028e+04;26,285714285714285;381;0;3,23111367414091e+02;0,857142857142857;Campinas;3;117916;44
Itatinga;3523503;2022-11-04;4537;1;2,20778588807786e+04;0,142857142857143;68;0;3,30900243309002e+02;0,000000000000000;Bauru;12;20550;44
Itirapina;3523602;2022-11-04;2690;0;1,56741638503671e+04;0,000000000000000;45;0;2,62207201957814e+02;0,000000000000000;Piracicaba;11;17162;44
Itirapuã;3523701;2022-11-04;324;0;5,16005733397038e+03;0,000000000000000;8;0;1,27408823060997e+02;0,000000000000000;Franca;4;6279;44
Itobi;3523800;2022-11-04;1274;0;1,67433302667893e+04;0,000000000000000;24;0;3,15415954790380e+02;0,000000000000000;São João da Boa Vista;14;7609;44
Itu;3523909;2022-11-04;34713;15;2,04468345781401e+04;12,428571428571429;577;0;3,39867587116839e+02;0,000000000000000;Sorocaba;6;169772;44
Itupeva;3524006;2022-11-04;8881;0;1,50120860731250e+04;0,142857142857143;168;0;2,83980459439815e+02;0,000000000000000;Campinas;3;59159;44
Ituverava;3524105;2022-11-04;3998;0;9,93390647517766e+03;0,000000000000000;161;0;4,00039755503653e+02;0,000000000000000;Franca;4;40246;44
Jaborandi;3524204;2022-11-04;591;0;8,85128051520144e+03;0,000000000000000;24;0;3,59442863561480e+02;0,000000000000000;Barretos;16;6677;44
Jaboticabal;3524303;2022-11-04;8708;0;1,17325285296614e+04;0,142857142857143;257;0;3,46263186968648e+02;0,000000000000000;Ribeirão Preto;1;74221;44
Jacareí;3524402;2022-11-04;30159;2;1,32308232249007e+04;0,857142857142857;907;0;3,97903002917370e+02;0,000000000000000;Taubaté;17;227945;44
Jaci;3524501;2022-11-04;2679;1;3,84416702539819e+04;0,142857142857143;33;0;4,73525613430908e+02;0,000000000000000;São José do Rio Preto;15;6969;44
Jacupiranga;3524600;2022-11-04;3048;0;1,76982928811985e+04;0,142857142857143;65;0;3,77424224828707e+02;0,000000000000000;Registro;9;17222;44
Jaguariúna;3524709;2022-11-04;11096;0;2,02304550758460e+04;0,000000000000000;192;0;3,50058343057176e+02;0,000000000000000;Campinas;3;54848;44
Jales;3524808;2022-11-04;15101;2;3,19570829982647e+04;2,142857142857143;304;0;6,43331781436492e+02;0,000000000000000;São José do Rio Preto;15;47254;44
Jambeiro;3524907;2022-11-04;508;1;8,17508850981654e+03;0,142857142857143;18;0;2,89668490505311e+02;0,000000000000000;Taubaté;17;6214;44
Jandira;3525003;2022-11-04;9755;0;7,89220326367483e+03;0,000000000000000;357;0;2,88827941069391e+02;0,000000000000000;Grande São Paulo;10;123603;44
Jardinópolis;3525102;2022-11-04;4850;1;1,13072063040589e+04;0,142857142857143;167;0;3,89340918098524e+02;0,000000000000000;Ribeirão Preto;1;42893;44
Jarinu;3525201;2022-11-04;3471;0;1,16398390342052e+04;0,000000000000000;91;0;3,05164319248826e+02;0,000000000000000;Campinas;3;29820;44
Jaú;3525300;2022-11-04;21580;12;1,46300125419477e+04;5,000000000000000;608;0;4,12189417307888e+02;0,000000000000000;Bauru;12;147505;44
Jeriquara;3525409;2022-11-04;641;0;2,04075135307227e+04;0,000000000000000;3;0;9,55109837631328e+01;0,000000000000000;Franca;4;3141;44
Joanópolis;3525508;2022-11-04;1499;1;1,18348334122849e+04;0,142857142857143;17;1;1,34217590399495e+02;0,285714285714286;Campinas;3;12666;44
João Ramalho;3525607;2022-11-04;1175;0;2,68020072992701e+04;0,000000000000000;13;0;2,96532846715328e+02;0,000000000000000;Presidente Prudente;2;4384;44
José Bonifácio;3525706;2022-11-04;9181;0;2,55162446846947e+04;0,000000000000000;168;0;4,66913093021317e+02;0,000000000000000;São José do Rio Preto;15;35981;44
Júlio Mesquita;3525805;2022-11-04;355;0;7,65086206896552e+03;0,000000000000000;16;0;3,44827586206897e+02;0,000000000000000;Marília;5;4640;44
Jumirim;3525854;2022-11-04;624;0;1,88747731397459e+04;0,000000000000000;8;0;2,41984271022384e+02;0,000000000000000;Sorocaba;6;3306;44
Jundiaí;3525904;2022-11-04;74104;0;1,82066552666234e+04;0,285714285714286;1804;0;4,43225819132417e+02;0,000000000000000;Campinas;3;407016;44
Junqueirópolis;3526001;2022-11-04;4805;0;2,39471716920010e+04;0,000000000000000;104;0;5,18315474707202e+02;0,000000000000000;Presidente Prudente;2;20065;44
Juquiá;3526100;2022-11-04;3056;0;1,62311451030380e+04;0,000000000000000;68;0;3,61164223496919e+02;0,000000000000000;Registro;9;18828;44
Juquitiba;3526209;2022-11-04;1824;0;5,99980263807112e+03;0,000000000000000;87;0;2,86174796881682e+02;0,000000000000000;Grande São Paulo;10;30401;44
Lagoinha;3526308;2022-11-04;244;0;5,06329113924051e+03;0,000000000000000;16;0;3,32019091097738e+02;0,000000000000000;Taubaté;17;4819;44
Laranjal Paulista;3526407;2022-11-04;6368;0;2,28784939282891e+04;0,000000000000000;143;0;5,13760149457498e+02;0,000000000000000;Bauru;12;27834;44
Lavínia;3526506;2022-11-04;1548;0;1,82117647058824e+04;0,000000000000000;19;0;2,23529411764706e+02;0,000000000000000;Araçatuba;7;8500;44
Lavrinhas;3526605;2022-11-04;379;0;5,28812613366820e+03;0,000000000000000;15;0;2,09292591042277e+02;0,000000000000000;Taubaté;17;7167;44
Leme;3526704;2022-11-04;21111;0;2,09071552364447e+04;5,285714285714286;472;0;4,67442436246596e+02;0,000000000000000;Piracicaba;11;100975;44
Lençóis Paulista;3526803;2022-11-04;23757;0;3,58093544156882e+04;0,000000000000000;212;0;3,19551422154560e+02;0,000000000000000;Bauru;12;66343;44
Limeira;3526902;2022-11-04;43599;4;1,47144785690179e+04;7,000000000000000;1296;0;4,37394532568343e+02;0,142857142857143;Piracicaba;11;296300;44
Lindóia;3527009;2022-11-04;2156;0;2,79202279202279e+04;0,000000000000000;21;0;2,71950271950272e+02;0,000000000000000;Campinas;3;7722;44
Lins;3527108;2022-11-04;12633;2;1,68244835990251e+04;0,285714285714286;337;0;4,48812710589050e+02;0,000000000000000;Bauru;12;75087;44
Lorena;3527207;2022-11-04;7542;0;8,70508662380683e+03;0,000000000000000;275;0;3,17409019032999e+02;0,000000000000000;Taubaté;17;86639;44
Lourdes;3527256;2022-11-04;396;0;1,81484876260312e+04;0,000000000000000;6;0;2,74977085242896e+02;0,000000000000000;Araçatuba;7;2182;44
Louveira;3527306;2022-11-04;11737;0;2,43163172288058e+04;1,571428571428571;126;0;2,61042512637772e+02;0,000000000000000;Campinas;3;48268;44
Lucélia;3527405;2022-11-04;4287;0;2,03958323421666e+04;0,285714285714286;81;0;3,85365621580475e+02;0,142857142857143;Marília;5;21019;44
Lucianópolis;3527504;2022-11-04;485;0;2,14506855373728e+04;1,714285714285714;6;0;2,65369305616984e+02;0,000000000000000;Bauru;12;2261;44
Luís Antônio;3527603;2022-11-04;3457;0;2,44035013412396e+04;0,000000000000000;44;0;3,10602851898913e+02;0,000000000000000;Ribeirão Preto;1;14166;44
Luiziânia;3527702;2022-11-04;415;0;7,21237400069517e+03;0,000000000000000;14;0;2,43309002433090e+02;0,000000000000000;Araçatuba;7;5754;44
Lupércio;3527801;2022-11-04;274;0;6,19769282967654e+03;0,000000000000000;8;0;1,80954535173038e+02;0,000000000000000;Marília;5;4421;44
Lutécia;3527900;2022-11-04;863;0;3,29263639832125e+04;0,000000000000000;8;0;3,05227012590614e+02;0,000000000000000;Marília;5;2621;44
Macatuba;3528007;2022-11-04;5070;0;2,99433026222537e+04;0,000000000000000;62;0;3,66170564611387e+02;0,000000000000000;Bauru;12;16932;44
Macaubal;3528106;2022-11-04;1900;0;2,45192928119757e+04;0,000000000000000;23;0;2,96812491934443e+02;0,000000000000000;São José do Rio Preto;15;7749;44
Macedônia;3528205;2022-11-04;1058;0;2,96026860660325e+04;0,000000000000000;32;0;8,95355344152210e+02;0,000000000000000;São José do Rio Preto;15;3574;44
Magda;3528304;2022-11-04;762;0;2,46761658031088e+04;0,000000000000000;10;0;3,23834196891192e+02;0,000000000000000;São José do Rio Preto;15;3088;44
Mairinque;3528403;2022-11-04;5280;1;1,13982255035296e+04;0,142857142857143;87;0;1,87811670228612e+02;0,000000000000000;Sorocaba;6;46323;44
Mairiporã;3528502;2022-11-04;7537;0;7,64231104621687e+03;0,000000000000000;278;0;2,81884366571353e+02;0,000000000000000;Grande São Paulo;10;98622;44
Manduri;3528601;2022-11-04;993;0;1,04251968503937e+04;0,000000000000000;31;0;3,25459317585302e+02;0,000000000000000;Bauru;12;9525;44
Marabá Paulista;3528700;2022-11-04;744;0;1,50882174001217e+04;0,000000000000000;6;0;1,21679172581626e+02;0,000000000000000;Presidente Prudente;2;4931;44
Maracaí;3528809;2022-11-04;3421;0;2,53013830337993e+04;0,000000000000000;56;0;4,14170549515568e+02;0,142857142857143;Marília;5;13521;44
Marapoama;3528858;2022-11-04;1074;0;3,69580178940124e+04;0,000000000000000;15;0;5,16173434273916e+02;0,000000000000000;São José do Rio Preto;15;2906;44
Mariápolis;3528908;2022-11-04;1171;0;2,94591194968553e+04;0,000000000000000;12;0;3,01886792452830e+02;0,000000000000000;Marília;5;3975;44
Marília;3529005;2022-11-04;40800;18;1,76200799813434e+04;10,857142857142858;1133;0;4,89302711246621e+02;0,000000000000000;Marília;5;231554;44
Marinópolis;3529104;2022-11-04;670;0;3,19504053409633e+04;0,000000000000000;7;0;3,33810205054840e+02;0,000000000000000;São José do Rio Preto;15;2097;44
Martinópolis;3529203;2022-11-04;2178;0;8,48527349228611e+03;0,000000000000000;93;0;3,62318840579710e+02;0,000000000000000;Presidente Prudente;2;25668;44
Matão;3529302;2022-11-04;6991;0;8,73656585853537e+03;0,000000000000000;232;0;2,89927518120470e+02;0,000000000000000;Araraquara;8;80020;44
Mauá;3529401;2022-11-04;36535;2;7,94011283718585e+03;0,571428571428571;1665;0;3,61852685751045e+02;0,142857142857143;Grande São Paulo;10;460132;44
Mendonça;3529500;2022-11-04;2023;0;4,01150109062066e+04;0,000000000000000;33;0;6,54372397382510e+02;0,000000000000000;São José do Rio Preto;15;5043;44
Meridiano;3529609;2022-11-04;647;0;1,73040920032094e+04;0,000000000000000;39;0;1,04305964161541e+03;0,000000000000000;São José do Rio Preto;15;3739;44
Mesópolis;3529658;2022-11-04;731;0;3,86159535129424e+04;0,000000000000000;6;0;3,16957210776545e+02;0,000000000000000;São José do Rio Preto;15;1893;44
Miguelópolis;3529708;2022-11-04;1535;0;7,16486183719193e+03;0,000000000000000;107;0;4,99439880507842e+02;0,000000000000000;Franca;4;21424;44
Mineiros do Tietê;3529807;2022-11-04;2379;0;1,88854489164087e+04;0,000000000000000;35;0;2,77843931094705e+02;0,000000000000000;Bauru;12;12597;44
Miracatu;3529906;2022-11-04;3475;0;1,74325273402227e+04;0,000000000000000;83;0;4,16374034313234e+02;0,000000000000000;Registro;9;19934;44
Mira Estrela;3530003;2022-11-04;554;1;1,88499489622321e+04;0,142857142857143;15;0;5,10377679482817e+02;0,000000000000000;São José do Rio Preto;15;2939;44
Mirandópolis;3530102;2022-11-04;2280;0;7,95922641904629e+03;0,000000000000000;114;0;3,97961320952314e+02;0,000000000000000;Araçatuba;7;28646;44
Mirante do Paranapanema;3530201;2022-11-04;2405;0;1,35348078113569e+04;0,000000000000000;51;0;2,87016714502786e+02;0,000000000000000;Presidente Prudente;2;17769;44
Mirassol;3530300;2022-11-04;10507;0;1,81706557830659e+04;0,000000000000000;320;0;5,53403431101273e+02;0,142857142857143;São José do Rio Preto;15;57824;44
Mirassolândia;3530409;2022-11-04;776;0;1,65036154827733e+04;0,000000000000000;21;0;4,46618460229690e+02;0,000000000000000;São José do Rio Preto;15;4702;44
Mococa;3530508;2022-11-04;13239;0;1,98328165026291e+04;1,000000000000000;290;0;4,34437403562387e+02;0,000000000000000;São João da Boa Vista;14;66753;44
Mogi das Cruzes;3530607;2022-11-04;45862;0;1,05940102331920e+04;0,142857142857143;1879;0;4,34044420831360e+02;0,142857142857143;Grande São Paulo;10;432905;44
Mogi Guaçu;3530706;2022-11-04;36458;0;2,45798078543738e+04;0,428571428571429;694;0;4,67891454576100e+02;0,142857142857143;São João da Boa Vista;14;148325;44
Mogi Mirim;3530805;2022-11-04;24561;7;2,71575315958823e+04;1,428571428571429;420;0;4,64401419741483e+02;0,000000000000000;São João da Boa Vista;14;90439;44
Mombuca;3530904;2022-11-04;468;0;1,40456182472989e+04;0,000000000000000;11;0;3,30132052821128e+02;0,000000000000000;Piracicaba;11;3332;44
Monções;3531001;2022-11-04;550;0;2,52873563218391e+04;0,000000000000000;7;0;3,21839080459770e+02;0,000000000000000;São José do Rio Preto;15;2175;44
Mongaguá;3531100;2022-11-04;2722;0;4,98443508514924e+03;0,000000000000000;110;0;2,01428309833364e+02;0,000000000000000;Baixada Santista;13;54610;44
Monte Alegre do Sul;3531209;2022-11-04;1655;0;2,13575945283262e+04;0,000000000000000;22;0;2,83907600980772e+02;0,000000000000000;Campinas;3;7749;44
Monte Alto;3531308;2022-11-04;11035;0;2,27972316909410e+04;0,000000000000000;219;0;4,52432599938023e+02;0,000000000000000;Ribeirão Preto;1;48405;44
Monte Aprazível;3531407;2022-11-04;4731;0;2,01679597578651e+04;0,000000000000000;121;0;5,15815500042629e+02;0,000000000000000;São José do Rio Preto;15;23458;44
Monte Azul Paulista;3531506;2022-11-04;2386;0;1,31163762300038e+04;0,000000000000000;28;0;1,53922269254027e+02;0,000000000000000;Barretos;16;18191;44
Monte Castelo;3531605;2022-11-04;1495;0;3,74592833876221e+04;0,142857142857143;24;0;6,01353044349787e+02;0,000000000000000;Presidente Prudente;2;3991;44
Monteiro Lobato;3531704;2022-11-04;320;0;7,16685330347144e+03;0,000000000000000;12;0;2,68756998880179e+02;0,000000000000000;Taubaté;17;4465;44
Monte Mor;3531803;2022-11-04;8095;0;1,35790250612272e+04;0,000000000000000;170;0;2,85167913577348e+02;0,000000000000000;Campinas;3;59614;44
Morro Agudo;3531902;2022-11-04;5501;0;1,70141036743783e+04;0,142857142857143;112;0;3,46406037362365e+02;0,000000000000000;Franca;4;32332;44
Morungaba;3532009;2022-11-04;1088;0;8,21318034271911e+03;0,000000000000000;39;0;2,94406280667321e+02;0,000000000000000;Campinas;3;13247;44
Motuca;3532058;2022-11-04;378;0;8,15006468305304e+03;0,000000000000000;11;0;2,37171194480379e+02;0,000000000000000;Araraquara;8;4638;44
Murutinga do Sul;3532108;2022-11-04;1041;0;2,43167484232656e+04;0,000000000000000;22;0;5,13898621817332e+02;0,000000000000000;Araçatuba;7;4281;44
Nantes;3532157;2022-11-04;257;0;8,36860957342885e+03;0,000000000000000;7;0;2,27938782155650e+02;0,000000000000000;Presidente Prudente;2;3071;44
Narandiba;3532207;2022-11-04;1780;0;3,67692625490601e+04;0,000000000000000;25;0;5,16422226812642e+02;0,000000000000000;Presidente Prudente;2;4841;44
Natividade da Serra;3532306;2022-11-04;246;0;3,67273813078531e+03;0,000000000000000;14;0;2,09017617199164e+02;0,000000000000000;Taubaté;17;6698;44
Nazaré Paulista;3532405;2022-11-04;2812;0;1,52453239360260e+04;0,000000000000000;65;0;3,52399024125779e+02;0,000000000000000;Campinas;3;18445;44
Neves Paulista;3532504;2022-11-04;2490;0;2,88863109048724e+04;0,000000000000000;58;0;6,72853828306265e+02;0,000000000000000;São José do Rio Preto;15;8620;44
Nhandeara;3532603;2022-11-04;3063;0;2,84084585420145e+04;0,142857142857143;56;0;5,19384158783157e+02;0,000000000000000;São José do Rio Preto;15;10782;44
Nipoã;3532702;2022-11-04;528;0;1,06258804588448e+04;0,000000000000000;17;0;3,42121151137050e+02;0,000000000000000;São José do Rio Preto;15;4969;44
Nova Aliança;3532801;2022-11-04;1562;0;2,42170542635659e+04;0,000000000000000;34;0;5,27131782945736e+02;0,000000000000000;São José do Rio Preto;15;6450;44
Nova Campina;3532827;2022-11-04;1165;0;1,20413436692506e+04;0,000000000000000;46;0;4,75452196382429e+02;0,000000000000000;Sorocaba;6;9675;44
Nova Canaã Paulista;3532843;2022-11-04;757;0;3,90810531750129e+04;0,000000000000000;10;0;5,16262261228704e+02;0,000000000000000;São José do Rio Preto;15;1937;44
Nova Castilho;3532868;2022-11-04;314;0;2,67006802721088e+04;0,000000000000000;4;0;3,40136054421769e+02;0,000000000000000;Araçatuba;7;1176;44
Nova Europa;3532900;2022-11-04;858;0;7,98213787329054e+03;0,000000000000000;30;0;2,79095729835334e+02;0,000000000000000;Araraquara;8;10749;44
Nova Granada;3533007;2022-11-04;5781;0;2,76364853236447e+04;0,142857142857143;87;0;4,15909742805240e+02;0,000000000000000;São José do Rio Preto;15;20918;44
Nova Guataporanga;3533106;2022-11-04;170;0;7,75901414879051e+03;0,000000000000000;4;0;1,82565038795071e+02;0,000000000000000;Presidente Prudente;2;2191;44
Nova Independência;3533205;2022-11-04;1558;0;4,17582417582418e+04;0,000000000000000;8;0;2,14419726614849e+02;0,000000000000000;Araçatuba;7;3731;44
Novais;3533254;2022-11-04;314;0;5,69976402250862e+03;0,000000000000000;17;0;3,08585950263206e+02;0,000000000000000;São José do Rio Preto;15;5509;44
Nova Luzitânia;3533304;2022-11-04;393;0;9,71810089020772e+03;0,000000000000000;14;0;3,46191889218595e+02;0,000000000000000;Araçatuba;7;4044;44
Nova Odessa;3533403;2022-11-04;10616;0;1,82911490549458e+04;0,000000000000000;280;0;4,82434225262324e+02;0,000000000000000;Campinas;3;58039;44
Novo Horizonte;3533502;2022-11-04;6261;0;1,60728038198901e+04;0,000000000000000;241;0;6,18678441238384e+02;0,000000000000000;São José do Rio Preto;15;38954;44
Nuporanga;3533601;2022-11-04;421;0;5,79251513483764e+03;0,000000000000000;14;0;1,92625206384150e+02;0,000000000000000;Franca;4;7268;44
Ocauçu;3533700;2022-11-04;953;0;2,29860106126387e+04;0,000000000000000;9;0;2,17076700434153e+02;0,000000000000000;Marília;5;4146;44
Óleo;3533809;2022-11-04;161;0;6,37119113573407e+03;0,000000000000000;6;0;2,37435694499406e+02;0,000000000000000;Marília;5;2527;44
Olímpia;3533908;2022-11-04;14496;1;2,76030162236271e+04;0,285714285714286;305;0;5,80775382740498e+02;0,285714285714286;Barretos;16;52516;44
Onda Verde;3534005;2022-11-04;953;0;2,25562130177515e+04;0,000000000000000;28;0;6,62721893491124e+02;0,000000000000000;São José do Rio Preto;15;4225;44
Oriente;3534104;2022-11-04;437;0;6,97525937749401e+03;0,142857142857143;28;0;4,46927374301676e+02;0,142857142857143;Marília;5;6265;44
Orindiúva;3534203;2022-11-04;2310;0;3,36440431109816e+04;0,000000000000000;20;0;2,91290416545296e+02;0,000000000000000;São José do Rio Preto;15;6866;44
Orlândia;3534302;2022-11-04;7986;0;1,88946197889557e+04;0,142857142857143;132;0;3,12307765106705e+02;0,000000000000000;Franca;4;42266;44
Osasco;3534401;2022-11-04;48718;0;7,15426953554079e+03;0,714285714285714;3102;0;4,55530688846988e+02;0,142857142857143;Grande São Paulo;10;680964;44
Oscar Bressane;3534500;2022-11-04;727;0;2,89180588703262e+04;0,000000000000000;9;0;3,57995226730310e+02;0,000000000000000;Marília;5;2514;44
Osvaldo Cruz;3534609;2022-11-04;9264;0;2,96324728912772e+04;0,000000000000000;138;0;4,41416370789751e+02;0,000000000000000;Marília;5;31263;44
Ourinhos;3534708;2022-11-04;24919;1;2,25533763542072e+04;5,571428571428571;585;0;5,29464471576356e+02;0,000000000000000;Marília;5;110489;44
Ouroeste;3534757;2022-11-04;2946;0;3,01319423135931e+04;0,000000000000000;50;0;5,11404316252429e+02;0,000000000000000;São José do Rio Preto;15;9777;44
Ouro Verde;3534807;2022-11-04;1143;0;1,38243831640058e+04;0,000000000000000;38;0;4,59603289791969e+02;0,000000000000000;Presidente Prudente;2;8268;44
Pacaembu;3534906;2022-11-04;3791;1;2,90364583333333e+04;0,857142857142857;52;0;3,98284313725490e+02;0,000000000000000;Marília;5;13056;44
Palestina;3535002;2022-11-04;2323;0;1,91036184210526e+04;0,000000000000000;47;0;3,86513157894737e+02;0,000000000000000;São José do Rio Preto;15;12160;44
Palmares Paulista;3535101;2022-11-04;2268;0;1,74501808109564e+04;0,000000000000000;47;0;3,61621912749096e+02;0,000000000000000;São José do Rio Preto;15;12997;44
Palmeira d'Oeste;3535200;2022-11-04;2357;0;2,58159912376780e+04;0,000000000000000;35;0;3,83351588170865e+02;0,000000000000000;São José do Rio Preto;15;9130;44
Palmital;3535309;2022-11-04;4803;0;2,22371406083615e+04;0,000000000000000;81;0;3,75017361914903e+02;0,000000000000000;Marília;5;21599;44
Panorama;3535408;2022-11-04;2287;0;1,50470425685900e+04;0,142857142857143;81;0;5,32929798013027e+02;0,000000000000000;Presidente Prudente;2;15199;44
Paraguaçu Paulista;3535507;2022-11-04;9728;0;2,20190131281123e+04;0,000000000000000;172;0;3,89316432775011e+02;0,000000000000000;Marília;5;44180;44
Paraibuna;3535606;2022-11-04;1334;0;7,31760833790455e+03;0,000000000000000;60;0;3,29127811300055e+02;0,000000000000000;Taubaté;17;18230;44
Paraíso;3535705;2022-11-04;1136;0;1,81209124262243e+04;0,000000000000000;31;0;4,94496729940979e+02;0,000000000000000;São José do Rio Preto;15;6269;44
Paranapanema;3535804;2022-11-04;2161;0;1,08255685803026e+04;0,000000000000000;90;0;4,50856627592426e+02;0,000000000000000;Bauru;12;19962;44
Paranapuã;3535903;2022-11-04;1194;1;3,06783144912641e+04;0,285714285714286;29;1;7,45118191161357e+02;0,142857142857143;São José do Rio Preto;15;3892;44
Parapuã;3536000;2022-11-04;1593;0;1,51613210240792e+04;0,000000000000000;50;0;4,75873227372228e+02;0,000000000000000;Marília;5;10507;44
Pardinho;3536109;2022-11-04;1205;0;1,88516896120150e+04;0,000000000000000;19;0;2,97246558197747e+02;0,000000000000000;Bauru;12;6392;44
Pariquera-Açu;3536208;2022-11-04;3961;1;2,05755545166485e+04;0,142857142857143;77;0;3,99979221858605e+02;0,000000000000000;Registro;9;19251;44
Parisi;3536257;2022-11-04;988;0;4,81012658227848e+04;0,000000000000000;20;0;9,73709834469328e+02;0,000000000000000;São José do Rio Preto;15;2054;44
Patrocínio Paulista;3536307;2022-11-04;1143;0;7,90292470441817e+03;0,000000000000000;38;0;2,62739403996405e+02;0,000000000000000;Franca;4;14463;44
Paulicéia;3536406;2022-11-04;1711;0;2,39434648754548e+04;0,000000000000000;26;0;3,63839910439407e+02;0,000000000000000;Presidente Prudente;2;7146;44
Paulínia;3536505;2022-11-04;23798;2;2,26567780877215e+04;1,857142857142857;346;0;3,29407732513305e+02;0,000000000000000;Campinas;3;105037;44
Paulistânia;3536570;2022-11-04;210;0;1,18711136235161e+04;0,000000000000000;7;0;3,95703787450537e+02;0,000000000000000;Bauru;12;1769;44
Paulo de Faria;3536604;2022-11-04;1230;3;1,44349254782303e+04;1,142857142857143;42;0;4,92899894378594e+02;0,000000000000000;São José do Rio Preto;15;8521;44
Pederneiras;3536703;2022-11-04;8715;2;1,91244239631336e+04;1,857142857142857;143;0;3,13802940531051e+02;0,000000000000000;Bauru;12;45570;44
Pedra Bela;3536802;2022-11-04;284;0;4,76190476190476e+03;0,000000000000000;12;0;2,01207243460765e+02;0,142857142857143;Campinas;3;5964;44
Pedranópolis;3536901;2022-11-04;279;0;1,15194054500413e+04;0,000000000000000;10;0;4,12881915772089e+02;0,000000000000000;São José do Rio Preto;15;2422;44
Pedregulho;3537008;2022-11-04;388;0;2,38343878616623e+03;0,000000000000000;24;0;1,47429203268014e+02;0,000000000000000;Franca;4;16279;44
Pedreira;3537107;2022-11-04;6005;0;1,29006616825642e+04;0,142857142857143;130;0;2,79281601787402e+02;0,000000000000000;Campinas;3;46548;44
Pedrinhas Paulista;3537156;2022-11-04;729;0;2,42192691029900e+04;0,000000000000000;12;0;3,98671096345515e+02;0,000000000000000;Marília;5;3010;44
Pedro de Toledo;3537206;2022-11-04;913;0;8,31739090826273e+03;0,000000000000000;22;0;2,00419058030427e+02;0,000000000000000;Registro;9;10977;44
Penápolis;3537305;2022-11-04;18204;16;2,99535985783394e+04;31,714285714285715;314;0;5,16668312107151e+02;0,000000000000000;Araçatuba;7;60774;44
Pereira Barreto;3537404;2022-11-04;5191;0;2,04442519002796e+04;0,000000000000000;119;0;4,68670001181521e+02;0,000000000000000;Araçatuba;7;25391;44
Pereiras;3537503;2022-11-04;1204;0;1,42857142857143e+04;0,000000000000000;23;0;2,72899857617466e+02;0,000000000000000;Bauru;12;8428;44
Peruíbe;3537602;2022-11-04;10183;0;1,53819428709536e+04;2,142857142857143;302;0;4,56186462440144e+02;0,285714285714286;Baixada Santista;13;66201;44
Piacatu;3537701;2022-11-04;1698;0;2,88236292649805e+04;0,000000000000000;11;0;1,86725513495162e+02;0,000000000000000;Araçatuba;7;5891;44
Piedade;3537800;2022-11-04;8889;0;1,66037806335923e+04;0,285714285714286;193;0;3,60505080693365e+02;0,000000000000000;Sorocaba;6;53536;44
Pilar do Sul;3537909;2022-11-04;6206;0;2,19907161333759e+04;0,428571428571429;90;0;3,18911448921016e+02;0,000000000000000;Sorocaba;6;28221;44
Pindamonhangaba;3538006;2022-11-04;29028;47;1,77420833562536e+04;305,714285714285722;575;0;3,51443362610093e+02;0,000000000000000;Taubaté;17;163611;44
Pindorama;3538105;2022-11-04;3596;0;2,21224238695786e+04;0,000000000000000;62;0;3,81421101199631e+02;0,000000000000000;São José do Rio Preto;15;16255;44
Pinhalzinho;3538204;2022-11-04;2254;0;1,52761775669265e+04;0,142857142857143;29;0;1,96543544561166e+02;0,142857142857143;Campinas;3;14755;44
Piquerobi;3538303;2022-11-04;252;0;7,12871287128713e+03;0,142857142857143;9;0;2,54596888260255e+02;0,000000000000000;Presidente Prudente;2;3535;44
Piquete;3538501;2022-11-04;411;0;3,01165091228841e+03;0,000000000000000;33;1;2,41811387118048e+02;0,142857142857143;Taubaté;17;13647;44
Piracaia;3538600;2022-11-04;6002;0;2,28325788412523e+04;0,000000000000000;85;0;3,23353749001407e+02;0,000000000000000;Campinas;3;26287;44
Piracicaba;3538709;2022-11-04;98552;0;2,52779751354928e+04;0,142857142857143;1632;0;4,18597851095100e+02;0,142857142857143;Piracicaba;11;389873;44
Piraju;3538808;2022-11-04;6511;0;2,27864492195702e+04;0,000000000000000;110;0;3,84965353118219e+02;0,000000000000000;Bauru;12;28574;44
Pirajuí;3538907;2022-11-04;4561;0;1,96096134829528e+04;0,285714285714286;71;0;3,05258179629391e+02;0,000000000000000;Bauru;12;23259;44
Pirangi;3539004;2022-11-04;2981;0;2,75431950475839e+04;0,142857142857143;70;0;6,46770765961379e+02;0,000000000000000;São José do Rio Preto;15;10823;44
Pirapora do Bom Jesus;3539103;2022-11-04;1677;0;8,89607978356586e+03;0,000000000000000;26;0;1,37923717574664e+02;0,000000000000000;Grande São Paulo;10;18851;44
Pirapozinho;3539202;2022-11-04;3897;0;1,43203615918862e+04;0,000000000000000;86;0;3,16025429022893e+02;0,000000000000000;Presidente Prudente;2;27213;44
Pirassununga;3539301;2022-11-04;19154;0;2,59870295498331e+04;0,428571428571429;307;0;4,16519686321331e+02;0,000000000000000;Piracicaba;11;73706;44
Piratininga;3539400;2022-11-04;2234;0;1,69075910088549e+04;0,000000000000000;51;0;3,85983501097404e+02;0,000000000000000;Bauru;12;13213;44
Pitangueiras;3539509;2022-11-04;7663;0;1,98605639643376e+04;0,000000000000000;188;0;4,87248600456148e+02;0,000000000000000;Ribeirão Preto;1;38584;44
Planalto;3539608;2022-11-04;667;0;1,29088445906716e+04;0,000000000000000;12;0;2,32243081091543e+02;0,000000000000000;São José do Rio Preto;15;5167;44
Platina;3539707;2022-11-04;746;0;2,13081976578121e+04;0,000000000000000;12;0;3,42759211653813e+02;0,000000000000000;Marília;5;3501;44
Poá;3539806;2022-11-04;11139;1;9,64098391871073e+03;1,000000000000000;439;0;3,79961571084838e+02;0,000000000000000;Grande São Paulo;10;115538;44
Poloni;3539905;2022-11-04;1785;0;3,14981471678137e+04;0,000000000000000;21;0;3,70566437268396e+02;0,000000000000000;São José do Rio Preto;15;5667;44
Pompéia;3540002;2022-11-04;1041;0;4,89145756977728e+03;0,000000000000000;57;0;2,67831970679447e+02;0,000000000000000;Marília;5;21282;44
Pongaí;3540101;2022-11-04;397;0;1,18472097881229e+04;0,000000000000000;12;0;3,58102059086840e+02;0,000000000000000;Bauru;12;3351;44
Pontal;3540200;2022-11-04;8106;0;1,64478623460422e+04;0,000000000000000;186;0;3,77412089361443e+02;0,000000000000000;Ribeirão Preto;1;49283;44
Pontalinda;3540259;2022-11-04;608;0;1,35502562959661e+04;0,000000000000000;20;0;4,45732114998886e+02;0,000000000000000;São José do Rio Preto;15;4487;44
Pontes Gestal;3540309;2022-11-04;815;0;3,22389240506329e+04;0,000000000000000;10;0;3,95569620253165e+02;0,000000000000000;São José do Rio Preto;15;2528;44
Populina;3540408;2022-11-04;1371;0;3,43178973717146e+04;0,000000000000000;14;0;3,50438047559449e+02;0,000000000000000;São José do Rio Preto;15;3995;44
Porangaba;3540507;2022-11-04;1226;0;1,31686358754028e+04;0,000000000000000;23;0;2,47046186895811e+02;0,000000000000000;Bauru;12;9310;44
Porto Feliz;3540606;2022-11-04;13682;0;2,64657523647407e+04;0,000000000000000;173;0;3,34642242296458e+02;0,000000000000000;Sorocaba;6;51697;44
Porto Ferreira;3540705;2022-11-04;16257;0;3,00487967173117e+04;0,000000000000000;218;0;4,02942589922738e+02;0,000000000000000;Araraquara;8;54102;44
Potim;3540754;2022-11-04;3490;0;1,68582745628442e+04;0,000000000000000;41;0;1,98048497729688e+02;0,000000000000000;Taubaté;17;20702;44
Potirendaba;3540804;2022-11-04;5715;0;3,44173441734417e+04;0,000000000000000;95;0;5,72116832279434e+02;0,000000000000000;São José do Rio Preto;15;16605;44
Pracinha;3540853;2022-11-04;449;0;1,54136628904909e+04;0,000000000000000;5;0;1,71644352900790e+02;0,000000000000000;Marília;5;2913;44
Pradópolis;3540903;2022-11-04;2056;0;9,83402688094896e+03;0,000000000000000;47;0;2,24805089204573e+02;0,000000000000000;Ribeirão Preto;1;20907;44
Praia Grande;3541000;2022-11-04;31122;1;9,82249940033581e+03;0,142857142857143;1348;0;4,25445960788274e+02;0,000000000000000;Baixada Santista;13;316844;44
Pratânia;3541059;2022-11-04;1446;0;2,80449961210241e+04;0,000000000000000;19;0;3,68502715283165e+02;0,000000000000000;Bauru;12;5156;44
Presidente Alves;3541109;2022-11-04;615;0;1,52985074626866e+04;0,000000000000000;10;0;2,48756218905473e+02;0,000000000000000;Bauru;12;4020;44
Presidente Bernardes;3541208;2022-11-04;1416;0;1,03206997084548e+04;0,000000000000000;50;0;3,64431486880466e+02;0,000000000000000;Presidente Prudente;2;13720;44
Presidente Epitácio;3541307;2022-11-04;6590;0;1,55424528301887e+04;0,000000000000000;145;0;3,41981132075472e+02;0,000000000000000;Presidente Prudente;2;42400;44
Presidente Prudente;3541406;2022-11-04;42201;1;1,90891696407974e+04;0,714285714285714;1054;0;4,76765593265573e+02;0,000000000000000;Presidente Prudente;2;221073;44
Presidente Venceslau;3541505;2022-11-04;5517;0;1,45165109853967e+04;0,142857142857143;135;0;3,55216418892251e+02;0,000000000000000;Presidente Prudente;2;38005;44
Promissão;3541604;2022-11-04;9470;0;2,38737489600928e+04;0,285714285714286;126;0;3,17644389542945e+02;0,000000000000000;Bauru;12;39667;44
Quadra;3541653;2022-11-04;250;0;6,74217907227616e+03;0,000000000000000;9;0;2,42718446601942e+02;0,000000000000000;Sorocaba;6;3708;44
Quatá;3541703;2022-11-04;2927;0;2,10046645138141e+04;0,000000000000000;32;0;2,29637603157517e+02;0,000000000000000;Presidente Prudente;2;13935;44
Queiroz;3541802;2022-11-04;1058;0;3,22659347362001e+04;0,000000000000000;3;0;9,14913083257091e+01;0,000000000000000;Marília;5;3279;44
Queluz;3541901;2022-11-04;1111;0;8,78677633660234e+03;0,000000000000000;30;0;2,37266687757039e+02;0,000000000000000;Taubaté;17;12644;44
Quintana;3542008;2022-11-04;587;0;9,03076923076923e+03;0,000000000000000;33;0;5,07692307692308e+02;0,000000000000000;Marília;5;6500;44
Rafard;3542107;2022-11-04;1164;0;1,29679144385027e+04;0,000000000000000;14;0;1,55971479500891e+02;0,000000000000000;Piracicaba;11;8976;44
Rancharia;3542206;2022-11-04;6999;0;2,42624883003432e+04;0,142857142857143;113;0;3,91721842825944e+02;0,000000000000000;Presidente Prudente;2;28847;44
Redenção da Serra;3542305;2022-11-04;122;0;3,17956737034141e+03;0,000000000000000;6;0;1,56372165754496e+02;0,000000000000000;Taubaté;17;3837;44
Regente Feijó;3542404;2022-11-04;1822;0;9,34790416089477e+03;0,000000000000000;80;0;4,10445846801088e+02;0,000000000000000;Presidente Prudente;2;19491;44
Reginópolis;3542503;2022-11-04;779;0;1,07969507969508e+04;0,000000000000000;24;0;3,32640332640333e+02;0,000000000000000;Bauru;12;7215;44
Registro;3542602;2022-11-04;11451;0;2,11210712704737e+04;0,000000000000000;258;0;4,75874280655157e+02;0,000000000000000;Registro;9;54216;44
Restinga;3542701;2022-11-04;732;0;9,76911784332043e+03;0,000000000000000;10;0;1,33457894034432e+02;0,000000000000000;Franca;4;7493;44
Ribeira;3542800;2022-11-04;538;0;1,65946946329426e+04;0,142857142857143;8;0;2,46761258482418e+02;0,000000000000000;Sorocaba;6;3242;44
Ribeirão Bonito;3542909;2022-11-04;1816;0;1,40134269619569e+04;0,000000000000000;33;0;2,54649278493711e+02;0,000000000000000;Araraquara;8;12959;44
Ribeirão Branco;3543006;2022-11-04;2647;0;1,49674865705400e+04;0,000000000000000;72;0;4,07124681933842e+02;0,000000000000000;Sorocaba;6;17685;44
Ribeirão Corrente;3543105;2022-11-04;343;0;7,35420240137221e+03;0,000000000000000;4;0;8,57632933104631e+01;0,000000000000000;Franca;4;4664;44
Ribeirão do Sul;3543204;2022-11-04;717;0;1,64449541284404e+04;0,000000000000000;27;0;6,19266055045872e+02;0,000000000000000;Marília;5;4360;44
Ribeirão dos Índios;3543238;2022-11-04;119;0;5,55815039701074e+03;0,000000000000000;8;0;3,73657169546941e+02;0,000000000000000;Presidente Prudente;2;2141;44
Ribeirão Grande;3543253;2022-11-04;534;0;7,11051930758988e+03;0,000000000000000;30;0;3,99467376830892e+02;0,000000000000000;Sorocaba;6;7510;44
Ribeirão Pires;3543303;2022-11-04;12664;0;1,06448792952727e+04;13,142857142857142;387;0;3,25297559007464e+02;0,000000000000000;Grande São Paulo;10;118968;44
Ribeirão Preto;3543402;2022-11-04;104875;0;1,53376027564542e+04;2,714285714285714;3428;0;5,01333036940406e+02;0,000000000000000;Ribeirão Preto;1;683777;44
Riversul;3543501;2022-11-04;930;0;1,63014899211218e+04;0,000000000000000;32;0;5,60911481156880e+02;0,000000000000000;Sorocaba;6;5705;44
Rifaina;3543600;2022-11-04;1018;0;2,93540945790081e+04;0,000000000000000;12;0;3,46020761245675e+02;0,000000000000000;Franca;4;3468;44
Rincão;3543709;2022-11-04;1831;0;1,74447408536585e+04;0,000000000000000;49;0;4,66844512195122e+02;0,000000000000000;Araraquara;8;10496;44
Rinópolis;3543808;2022-11-04;671;0;6,90329218106996e+03;0,000000000000000;20;0;2,05761316872428e+02;0,000000000000000;Marília;5;9720;44
Rio Claro;3543907;2022-11-04;13789;0;6,85297099576566e+03;0,142857142857143;691;0;3,43418881577640e+02;0,000000000000000;Piracicaba;11;201212;44
Rio das Pedras;3544004;2022-11-04;3728;0;1,08321710832171e+04;0,000000000000000;121;0;3,51580660158066e+02;0,000000000000000;Piracicaba;11;34416;44
Rio Grande da Serra;3544103;2022-11-04;2414;0;4,84583266420427e+03;0,000000000000000;107;0;2,14790428777903e+02;0,000000000000000;Grande São Paulo;10;49816;44
Riolândia;3544202;2022-11-04;2936;0;2,56845420348176e+04;0,000000000000000;33;0;2,88688653661097e+02;0,000000000000000;São José do Rio Preto;15;11431;44
Rosana;3544251;2022-11-04;4468;0;2,42997770163703e+04;0,000000000000000;53;0;2,88247131125252e+02;0,000000000000000;Presidente Prudente;2;18387;44
Roseira;3544301;2022-11-04;1605;0;1,50817515504604e+04;0,000000000000000;31;0;2,91298628077429e+02;0,000000000000000;Taubaté;17;10642;44
Rubiácea;3544400;2022-11-04;733;0;2,35994848679974e+04;0,000000000000000;11;0;3,54153251770766e+02;0,000000000000000;Araçatuba;7;3106;44
Rubinéia;3544509;2022-11-04;1255;0;4,19872867179659e+04;0,000000000000000;19;0;6,35664101706256e+02;0,000000000000000;São José do Rio Preto;15;2989;44
Sabino;3544608;2022-11-04;304;0;5,55961960497440e+03;0,000000000000000;30;0;5,48646671543526e+02;0,000000000000000;Bauru;12;5468;44
Sagres;3544707;2022-11-04;266;0;1,12616426756986e+04;0,000000000000000;4;0;1,69348010160881e+02;0,000000000000000;Marília;5;2362;44
Sales;3544806;2022-11-04;855;0;1,41322314049587e+04;0,000000000000000;46;0;7,60330578512397e+02;0,000000000000000;São José do Rio Preto;15;6050;44
Sales Oliveira;3544905;2022-11-04;1856;0;1,61139086646987e+04;0,000000000000000;33;0;2,86508074318458e+02;0,000000000000000;Franca;4;11518;44
Salesópolis;3545001;2022-11-04;710;0;4,21665280912222e+03;0,000000000000000;63;1;3,74153699964366e+02;0,142857142857143;Grande São Paulo;10;16838;44
Salmourão;3545100;2022-11-04;474;0;9,26324017979285e+03;0,000000000000000;25;0;4,88567520031268e+02;0,000000000000000;Marília;5;5117;44
Saltinho;3545159;2022-11-04;2572;0;3,27226463104326e+04;0,000000000000000;25;0;3,18066157760814e+02;0,000000000000000;Piracicaba;11;7860;44
Salto;3545209;2022-11-04;24416;1;2,11628471379538e+04;0,571428571428571;528;0;4,57650036403980e+02;0,285714285714286;Sorocaba;6;115372;44
Salto de Pirapora;3545308;2022-11-04;4458;0;1,00807272233905e+04;0,000000000000000;188;0;4,25118151188296e+02;0,000000000000000;Sorocaba;6;44223;44
Salto Grande;3545407;2022-11-04;2061;0;2,26608026388125e+04;0,000000000000000;19;0;2,08905992303463e+02;0,000000000000000;Marília;5;9095;44
Sandovalina;3545506;2022-11-04;715;0;1,69793398242698e+04;0,000000000000000;14;0;3,32462597957730e+02;0,000000000000000;Presidente Prudente;2;4211;44
Santa Adélia;3545605;2022-11-04;2800;0;1,88020413644910e+04;0,000000000000000;67;0;4,49905989793178e+02;0,000000000000000;São José do Rio Preto;15;14892;44
Santa Albertina;3545704;2022-11-04;2075;0;3,65832157968970e+04;0,000000000000000;29;0;5,11283497884344e+02;0,000000000000000;São José do Rio Preto;15;5672;44
Santa Bárbara d'Oeste;3545803;2022-11-04;29442;0;1,55988238099022e+04;1,714285714285714;896;0;4,74714561975152e+02;0,000000000000000;Campinas;3;188745;44
Santa Branca;3546009;2022-11-04;2003;0;1,41265251428168e+04;0,000000000000000;37;0;2,60949291205304e+02;0,000000000000000;Taubaté;17;14179;44
Santa Clara d'Oeste;3546108;2022-11-04;515;0;2,56729810568295e+04;0,000000000000000;22;0;1,09670987038883e+03;0,000000000000000;São José do Rio Preto;15;2006;44
Santa Cruz da Conceição;3546207;2022-11-04;1942;0;4,46539434352725e+04;0,000000000000000;17;0;3,90894458496206e+02;0,000000000000000;Piracicaba;11;4349;44
Santa Cruz da Esperança;3546256;2022-11-04;202;0;9,72556571978816e+03;0,000000000000000;7;0;3,37024554646124e+02;0,000000000000000;Ribeirão Preto;1;2077;44
Santa Cruz das Palmeiras;3546306;2022-11-04;5585;0;1,65584511844407e+04;0,000000000000000;139;0;4,12108274778381e+02;0,000000000000000;São João da Boa Vista;14;33729;44
Santa Cruz do Rio Pardo;3546405;2022-11-04;8770;0;1,90197354153112e+04;0,000000000000000;206;0;4,46757753198872e+02;0,000000000000000;Marília;5;46110;44
Santa Ernestina;3546504;2022-11-04;553;0;1,00090497737557e+04;0,000000000000000;21;0;3,80090497737557e+02;0,000000000000000;Araraquara;8;5525;44
Santa Fé do Sul;3546603;2022-11-04;9083;0;2,94864303337229e+04;0,285714285714286;165;0;5,35644721464745e+02;0,000000000000000;São José do Rio Preto;15;30804;44
Santa Gertrudes;3546702;2022-11-04;3939;0;1,50406659284432e+04;0,000000000000000;87;0;3,32200542212379e+02;0,000000000000000;Piracicaba;11;26189;44
Santa Isabel;3546801;2022-11-04;7773;0;1,41106633264350e+04;0,000000000000000;297;0;5,39156954580111e+02;0,142857142857143;Grande São Paulo;10;55086;44
Santa Lúcia;3546900;2022-11-04;781;0;9,12170053725765e+03;0,142857142857143;25;0;2,91987853305302e+02;0,000000000000000;Araraquara;8;8562;44
Santa Maria da Serra;3547007;2022-11-04;1341;0;2,18368343917929e+04;0,000000000000000;12;0;1,95407914020518e+02;0,000000000000000;Piracicaba;11;6141;44
Santa Mercedes;3547106;2022-11-04;816;0;2,90081763242090e+04;0,000000000000000;11;0;3,91041592605759e+02;0,000000000000000;Presidente Prudente;2;2813;44
Santana da Ponte Pensa;3547205;2022-11-04;518;0;3,43273691186216e+04;0,000000000000000;6;0;3,97614314115308e+02;0,000000000000000;São José do Rio Preto;15;1509;44
Santana de Parnaíba;3547304;2022-11-04;24379;0;1,76490603191150e+04;1,714285714285714;437;0;3,16364057568123e+02;0,000000000000000;Grande São Paulo;10;138132;44
Santa Rita d'Oeste;3547403;2022-11-04;439;0;1,82612312811980e+04;0,000000000000000;15;0;6,23960066555740e+02;0,000000000000000;São José do Rio Preto;15;2404;44
Santa Rita do Passa Quatro;3547502;2022-11-04;1823;0;6,90922872844419e+03;0,000000000000000;47;0;1,78131514117870e+02;0,000000000000000;Ribeirão Preto;1;26385;44
Santa Rosa de Viterbo;3547601;2022-11-04;2494;0;9,74066552101234e+03;0,000000000000000;57;0;2,22621465396032e+02;0,000000000000000;Ribeirão Preto;1;25604;44
Santa Salete;3547650;2022-11-04;623;0;4,32638888888889e+04;0,000000000000000;8;0;5,55555555555556e+02;0,000000000000000;São José do Rio Preto;15;1440;44
Santo Anastácio;3547700;2022-11-04;3664;0;1,82044020470015e+04;4,142857142857143;72;0;3,57728424504397e+02;0,000000000000000;Presidente Prudente;2;20127;44
Santo André;3547809;2022-11-04;93837;0;1,35237732879644e+04;0,142857142857143;3496;0;5,03842955494353e+02;0,000000000000000;Grande São Paulo;10;693867;44
Monte Aprazível;3531407;2022-10-31;4731;0;2,01679597578651e+04;0,000000000000000;121;0;5,15815500042629e+02;0,000000000000000;São José do Rio Preto;15;23458;44
Monte Azul Paulista;3531506;2022-10-31;2386;0;1,31163762300038e+04;0,142857142857143;28;0;1,53922269254027e+02;0,000000000000000;Barretos;16;18191;44
Monte Castelo;3531605;2022-10-31;1494;0;3,74342270107742e+04;0,000000000000000;24;0;6,01353044349787e+02;0,000000000000000;Presidente Prudente;2;3991;44
Monteiro Lobato;3531704;2022-10-31;320;0;7,16685330347144e+03;0,142857142857143;12;0;2,68756998880179e+02;0,142857142857143;Taubaté;17;4465;44
Monte Mor;3531803;2022-10-31;8095;0;1,35790250612272e+04;0,000000000000000;170;0;2,85167913577348e+02;0,000000000000000;Campinas;3;59614;44
Morro Agudo;3531902;2022-10-31;5500;0;1,70110107633304e+04;0,000000000000000;112;0;3,46406037362365e+02;0,000000000000000;Franca;4;32332;44
Morungaba;3532009;2022-10-31;1088;0;8,21318034271911e+03;0,000000000000000;39;0;2,94406280667321e+02;0,000000000000000;Campinas;3;13247;44
Motuca;3532058;2022-10-31;378;0;8,15006468305304e+03;0,000000000000000;11;0;2,37171194480379e+02;0,000000000000000;Araraquara;8;4638;44
Murutinga do Sul;3532108;2022-10-31;1041;0;2,43167484232656e+04;0,000000000000000;22;0;5,13898621817332e+02;0,000000000000000;Araçatuba;7;4281;44
Nantes;3532157;2022-10-31;257;0;8,36860957342885e+03;0,000000000000000;7;0;2,27938782155650e+02;0,000000000000000;Presidente Prudente;2;3071;44
Narandiba;3532207;2022-10-31;1780;0;3,67692625490601e+04;0,000000000000000;25;0;5,16422226812642e+02;0,000000000000000;Presidente Prudente;2;4841;44
Natividade da Serra;3532306;2022-10-31;246;0;3,67273813078531e+03;0,000000000000000;14;0;2,09017617199164e+02;0,000000000000000;Taubaté;17;6698;44
Nazaré Paulista;3532405;2022-10-31;2812;0;1,52453239360260e+04;0,000000000000000;65;0;3,52399024125779e+02;0,000000000000000;Campinas;3;18445;44
Neves Paulista;3532504;2022-10-31;2490;0;2,88863109048724e+04;0,000000000000000;58;0;6,72853828306265e+02;0,000000000000000;São José do Rio Preto;15;8620;44
Nhandeara;3532603;2022-10-31;3062;0;2,83991838248933e+04;0,000000000000000;56;0;5,19384158783157e+02;0,000000000000000;São José do Rio Preto;15;10782;44
Nipoã;3532702;2022-10-31;528;0;1,06258804588448e+04;0,000000000000000;17;0;3,42121151137050e+02;0,000000000000000;São José do Rio Preto;15;4969;44
Nova Aliança;3532801;2022-10-31;1562;0;2,42170542635659e+04;0,000000000000000;34;0;5,27131782945736e+02;0,000000000000000;São José do Rio Preto;15;6450;44
Nova Campina;3532827;2022-10-31;1165;0;1,20413436692506e+04;0,000000000000000;46;0;4,75452196382429e+02;0,000000000000000;Sorocaba;6;9675;44
Nova Canaã Paulista;3532843;2022-10-31;757;0;3,90810531750129e+04;0,000000000000000;10;0;5,16262261228704e+02;0,000000000000000;São José do Rio Preto;15;1937;44
Nova Castilho;3532868;2022-10-31;314;0;2,67006802721088e+04;0,000000000000000;4;0;3,40136054421769e+02;0,000000000000000;Araçatuba;7;1176;44
Nova Europa;3532900;2022-10-31;858;0;7,98213787329054e+03;0,000000000000000;30;0;2,79095729835334e+02;0,000000000000000;Araraquara;8;10749;44
Nova Granada;3533007;2022-10-31;5780;0;2,76317047518883e+04;0,000000000000000;87;0;4,15909742805240e+02;0,000000000000000;São José do Rio Preto;15;20918;44
Nova Guataporanga;3533106;2022-10-31;170;0;7,75901414879051e+03;0,000000000000000;4;0;1,82565038795071e+02;0,000000000000000;Presidente Prudente;2;2191;44
Nova Independência;3533205;2022-10-31;1558;0;4,17582417582418e+04;0,000000000000000;8;0;2,14419726614849e+02;0,000000000000000;Araçatuba;7;3731;44
Novais;3533254;2022-10-31;314;0;5,69976402250862e+03;0,000000000000000;17;0;3,08585950263206e+02;0,000000000000000;São José do Rio Preto;15;5509;44
Nova Luzitânia;3533304;2022-10-31;393;0;9,71810089020772e+03;0,000000000000000;14;0;3,46191889218595e+02;0,000000000000000;Araçatuba;7;4044;44
Nova Odessa;3533403;2022-10-31;10616;0;1,82911490549458e+04;0,857142857142857;280;0;4,82434225262324e+02;0,000000000000000;Campinas;3;58039;44
Novo Horizonte;3533502;2022-10-31;6261;0;1,60728038198901e+04;0,000000000000000;241;0;6,18678441238384e+02;0,000000000000000;São José do Rio Preto;15;38954;44
Nuporanga;3533601;2022-10-31;421;0;5,79251513483764e+03;0,000000000000000;14;0;1,92625206384150e+02;0,000000000000000;Franca;4;7268;44
Ocauçu;3533700;2022-10-31;953;0;2,29860106126387e+04;0,000000000000000;9;0;2,17076700434153e+02;0,000000000000000;Marília;5;4146;44
Óleo;3533809;2022-10-31;161;0;6,37119113573407e+03;0,000000000000000;6;0;2,37435694499406e+02;0,000000000000000;Marília;5;2527;44
Olímpia;3533908;2022-10-31;14494;0;2,75992078604616e+04;0,857142857142857;303;0;5,76967019574987e+02;0,000000000000000;Barretos;16;52516;44
Onda Verde;3534005;2022-10-31;953;0;2,25562130177515e+04;0,000000000000000;28;0;6,62721893491124e+02;0,000000000000000;São José do Rio Preto;15;4225;44
Oriente;3534104;2022-10-31;436;0;6,95929768555467e+03;0,000000000000000;27;0;4,30965682362330e+02;0,000000000000000;Marília;5;6265;44
Orindiúva;3534203;2022-10-31;2310;0;3,36440431109816e+04;0,000000000000000;20;0;2,91290416545296e+02;0,000000000000000;São José do Rio Preto;15;6866;44
Orlândia;3534302;2022-10-31;7985;0;1,88922538210382e+04;0,000000000000000;132;0;3,12307765106705e+02;0,000000000000000;Franca;4;42266;44
Osasco;3534401;2022-10-31;48718;2;7,15426953554079e+03;1,142857142857143;3102;0;4,55530688846988e+02;0,428571428571429;Grande São Paulo;10;680964;44
Oscar Bressane;3534500;2022-10-31;727;0;2,89180588703262e+04;0,000000000000000;9;0;3,57995226730310e+02;0,000000000000000;Marília;5;2514;44
Osvaldo Cruz;3534609;2022-10-31;9264;0;2,96324728912772e+04;0,142857142857143;138;0;4,41416370789751e+02;0,000000000000000;Marília;5;31263;44
Ourinhos;3534708;2022-10-31;24918;0;2,25524712867344e+04;17,285714285714285;585;0;5,29464471576356e+02;0,000000000000000;Marília;5;110489;44
Ouroeste;3534757;2022-10-31;2946;0;3,01319423135931e+04;0,285714285714286;50;0;5,11404316252429e+02;0,142857142857143;São José do Rio Preto;15;9777;44
Ouro Verde;3534807;2022-10-31;1143;0;1,38243831640058e+04;0,000000000000000;38;0;4,59603289791969e+02;0,000000000000000;Presidente Prudente;2;8268;44
Pacaembu;3534906;2022-10-31;3790;0;2,90287990196078e+04;1,857142857142857;52;0;3,98284313725490e+02;0,000000000000000;Marília;5;13056;44
Palestina;3535002;2022-10-31;2323;0;1,91036184210526e+04;0,000000000000000;47;0;3,86513157894737e+02;0,000000000000000;São José do Rio Preto;15;12160;44
Palmares Paulista;3535101;2022-10-31;2268;0;1,74501808109564e+04;0,000000000000000;47;0;3,61621912749096e+02;0,000000000000000;São José do Rio Preto;15;12997;44
Palmeira d'Oeste;3535200;2022-10-31;2357;0;2,58159912376780e+04;0,000000000000000;35;0;3,83351588170865e+02;0,000000000000000;São José do Rio Preto;15;9130;44
Palmital;3535309;2022-10-31;4803;0;2,22371406083615e+04;0,000000000000000;81;0;3,75017361914903e+02;0,000000000000000;Marília;5;21599;44
Panorama;3535408;2022-10-31;2286;0;1,50404631883677e+04;8,857142857142858;81;0;5,32929798013027e+02;0,000000000000000;Presidente Prudente;2;15199;44
Paraguaçu Paulista;3535507;2022-10-31;9728;0;2,20190131281123e+04;0,000000000000000;172;0;3,89316432775011e+02;0,000000000000000;Marília;5;44180;44
Paraibuna;3535606;2022-10-31;1334;0;7,31760833790455e+03;0,000000000000000;60;0;3,29127811300055e+02;0,000000000000000;Taubaté;17;18230;44
Paraíso;3535705;2022-10-31;1136;0;1,81209124262243e+04;0,000000000000000;31;0;4,94496729940979e+02;0,000000000000000;São José do Rio Preto;15;6269;44
Paranapanema;3535804;2022-10-31;2161;0;1,08255685803026e+04;0,000000000000000;90;0;4,50856627592426e+02;0,000000000000000;Bauru;12;19962;44
Paranapuã;3535903;2022-10-31;1192;0;3,06269270298047e+04;0,142857142857143;28;0;7,19424460431655e+02;0,000000000000000;São José do Rio Preto;15;3892;44
Parapuã;3536000;2022-10-31;1593;0;1,51613210240792e+04;0,000000000000000;50;0;4,75873227372228e+02;0,000000000000000;Marília;5;10507;44
Pardinho;3536109;2022-10-31;1205;0;1,88516896120150e+04;0,000000000000000;19;0;2,97246558197747e+02;0,000000000000000;Bauru;12;6392;44
Pariquera-Açu;3536208;2022-10-31;3960;0;2,05703599812997e+04;0,285714285714286;77;0;3,99979221858605e+02;0,000000000000000;Registro;9;19251;44
Parisi;3536257;2022-10-31;988;0;4,81012658227848e+04;0,000000000000000;20;0;9,73709834469328e+02;0,000000000000000;São José do Rio Preto;15;2054;44
Patrocínio Paulista;3536307;2022-10-31;1143;0;7,90292470441817e+03;0,000000000000000;38;0;2,62739403996405e+02;0,000000000000000;Franca;4;14463;44
Paulicéia;3536406;2022-10-31;1711;0;2,39434648754548e+04;1,285714285714286;26;0;3,63839910439407e+02;0,000000000000000;Presidente Prudente;2;7146;44
Paulínia;3536505;2022-10-31;23791;2;2,26501137694336e+04;17,571428571428573;346;0;3,29407732513305e+02;0,000000000000000;Campinas;3;105037;44
Paulistânia;3536570;2022-10-31;210;0;1,18711136235161e+04;0,000000000000000;7;0;3,95703787450537e+02;0,000000000000000;Bauru;12;1769;44
Paulo de Faria;3536604;2022-10-31;1227;0;1,43997183429175e+04;1,285714285714286;42;0;4,92899894378594e+02;0,000000000000000;São José do Rio Preto;15;8521;44
Pederneiras;3536703;2022-10-31;8702;0;1,90958964230854e+04;5,428571428571429;143;0;3,13802940531051e+02;0,000000000000000;Bauru;12;45570;44
Pedra Bela;3536802;2022-10-31;284;0;4,76190476190476e+03;0,000000000000000;11;0;1,84439973172368e+02;0,000000000000000;Campinas;3;5964;44
Pedranópolis;3536901;2022-10-31;279;0;1,15194054500413e+04;0,000000000000000;10;0;4,12881915772089e+02;0,000000000000000;São José do Rio Preto;15;2422;44
Pedregulho;3537008;2022-10-31;388;0;2,38343878616623e+03;0,000000000000000;24;0;1,47429203268014e+02;0,000000000000000;Franca;4;16279;44
Pedreira;3537107;2022-10-31;6004;0;1,28985133625505e+04;0,000000000000000;130;0;2,79281601787402e+02;0,000000000000000;Campinas;3;46548;44
Pedrinhas Paulista;3537156;2022-10-31;729;0;2,42192691029900e+04;0,000000000000000;12;0;3,98671096345515e+02;0,000000000000000;Marília;5;3010;44
Pedro de Toledo;3537206;2022-10-31;913;0;8,31739090826273e+03;0,000000000000000;22;0;2,00419058030427e+02;0,000000000000000;Registro;9;10977;44
Penápolis;3537305;2022-10-31;18049;22;2,96985553032547e+04;15,857142857142858;314;0;5,16668312107151e+02;0,000000000000000;Araçatuba;7;60774;44
Pereira Barreto;3537404;2022-10-31;5191;0;2,04442519002796e+04;0,285714285714286;119;0;4,68670001181521e+02;0,000000000000000;Araçatuba;7;25391;44
Pereiras;3537503;2022-10-31;1204;0;1,42857142857143e+04;0,285714285714286;23;0;2,72899857617466e+02;0,000000000000000;Bauru;12;8428;44
Peruíbe;3537602;2022-10-31;10168;0;1,53592846029516e+04;3,142857142857143;300;0;4,53165360039879e+02;0,000000000000000;Baixada Santista;13;66201;44
Piacatu;3537701;2022-10-31;1698;0;2,88236292649805e+04;0,000000000000000;11;0;1,86725513495162e+02;0,000000000000000;Araçatuba;7;5891;44
Piedade;3537800;2022-10-31;8887;0;1,66000448296473e+04;0,000000000000000;193;0;3,60505080693365e+02;0,000000000000000;Sorocaba;6;53536;44
Pilar do Sul;3537909;2022-10-31;6203;0;2,19800857517452e+04;0,142857142857143;90;0;3,18911448921016e+02;0,000000000000000;Sorocaba;6;28221;44
Pindamonhangaba;3538006;2022-10-31;26888;0;1,64341028414960e+04;489,571428571428555;575;0;3,51443362610093e+02;0,000000000000000;Taubaté;17;163611;44
