Pindorama;3538105;2022-10-31;3596;0;2,21224238695786e+04;0,000000000000000;62;0;3,81421101199631e+02;0,000000000000000;São José do Rio Preto;15;16255;44
Pinhalzinho;3538204;2022-10-31;2253;0;1,52694002033209e+04;0,428571428571429;28;0;1,89766180955608e+02;0,285714285714286;Campinas;3;14755;44
Piquerobi;3538303;2022-10-31;252;0;7,12871287128713e+03;0,142857142857143;9;0;2,54596888260255e+02;0,000000000000000;Presidente Prudente;2;3535;44
Piquete;3538501;2022-10-31;411;0;3,01165091228841e+03;0,142857142857143;32;0;2,34483769326592e+02;0,142857142857143;Taubaté;17;13647;44
Piracaia;3538600;2022-10-31;6002;0;2,28325788412523e+04;0,714285714285714;85;0;3,23353749001407e+02;0,714285714285714;Campinas;3;26287;44
Piracicaba;3538709;2022-10-31;98551;0;2,52777186417115e+04;0,857142857142857;1632;1;4,18597851095100e+02;0,142857142857143;Piracicaba;11;389873;44
Piraju;3538808;2022-10-31;6511;0;2,27864492195702e+04;0,000000000000000;110;0;3,84965353118219e+02;0,000000000000000;Bauru;12;28574;44
Pirajuí;3538907;2022-10-31;4559;0;1,96010146609914e+04;0,571428571428571;71;0;3,05258179629391e+02;0,000000000000000;Bauru;12;23259;44
Pirangi;3539004;2022-10-31;2980;0;2,75339554652130e+04;0,000000000000000;70;0;6,46770765961379e+02;0,000000000000000;São José do Rio Preto;15;10823;44
Pirapora do Bom Jesus;3539103;2022-10-31;1677;0;8,89607978356586e+03;0,000000000000000;26;0;1,37923717574664e+02;0,000000000000000;Grande São Paulo;10;18851;44
Pirapozinho;3539202;2022-10-31;3897;0;1,43203615918862e+04;0,000000000000000;86;0;3,16025429022893e+02;0,000000000000000;Presidente Prudente;2;27213;44
Pirassununga;3539301;2022-10-31;19151;0;2,59829593248854e+04;0,000000000000000;307;0;4,16519686321331e+02;0,000000000000000;Piracicaba;11;73706;44
Piratininga;3539400;2022-10-31;2234;0;1,69075910088549e+04;0,000000000000000;51;0;3,85983501097404e+02;0,000000000000000;Bauru;12;13213;44
Pitangueiras;3539509;2022-10-31;7663;0;1,98605639643376e+04;0,571428571428571;188;0;4,87248600456148e+02;0,000000000000000;Ribeirão Preto;1;38584;44
Planalto;3539608;2022-10-31;667;0;1,29088445906716e+04;0,000000000000000;12;0;2,32243081091543e+02;0,000000000000000;São José do Rio Preto;15;5167;44
Platina;3539707;2022-10-31;746;0;2,13081976578121e+04;0,000000000000000;12;0;3,42759211653813e+02;0,000000000000000;Marília;5;3501;44
Poá;3539806;2022-10-31;11134;1;9,63665633817445e+03;0,857142857142857;439;0;3,79961571084838e+02;0,000000000000000;Grande São Paulo;10;115538;44
Poloni;3539905;2022-10-31;1785;0;3,14981471678137e+04;0,000000000000000;21;0;3,70566437268396e+02;0,000000000000000;São José do Rio Preto;15;5667;44
Pompéia;3540002;2022-10-31;1041;0;4,89145756977728e+03;0,000000000000000;57;0;2,67831970679447e+02;0,000000000000000;Marília;5;21282;44
Pongaí;3540101;2022-10-31;397;0;1,18472097881229e+04;0,000000000000000;12;0;3,58102059086840e+02;0,000000000000000;Bauru;12;3351;44
Pontal;3540200;2022-10-31;8106;0;1,64478623460422e+04;0,000000000000000;186;0;3,77412089361443e+02;0,000000000000000;Ribeirão Preto;1;49283;44
Pontalinda;3540259;2022-10-31;608;0;1,35502562959661e+04;0,000000000000000;20;0;4,45732114998886e+02;0,000000000000000;São José do Rio Preto;15;4487;44
Pontes Gestal;3540309;2022-10-31;815;0;3,22389240506329e+04;0,000000000000000;10;0;3,95569620253165e+02;0,000000000000000;São José do Rio Preto;15;2528;44
Populina;3540408;2022-10-31;1371;0;3,43178973717146e+04;0,000000000000000;14;0;3,50438047559449e+02;0,000000000000000;São José do Rio Preto;15;3995;44
Porangaba;3540507;2022-10-31;1226;0;1,31686358754028e+04;0,000000000000000;23;0;2,47046186895811e+02;0,000000000000000;Bauru;12;9310;44
Porto Feliz;3540606;2022-10-31;13682;0;2,64657523647407e+04;0,142857142857143;173;0;3,34642242296458e+02;0,000000000000000;Sorocaba;6;51697;44
Porto Ferreira;3540705;2022-10-31;16257;0;3,00487967173117e+04;2,714285714285714;218;0;4,02942589922738e+02;0,000000000000000;Araraquara;8;54102;44
Potim;3540754;2022-10-31;3490;0;1,68582745628442e+04;0,142857142857143;41;0;1,98048497729688e+02;0,000000000000000;Taubaté;17;20702;44
Potirendaba;3540804;2022-10-31;5715;0;3,44173441734417e+04;0,000000000000000;95;0;5,72116832279434e+02;0,000000000000000;São José do Rio Preto;15;16605;44
Pracinha;3540853;2022-10-31;449;0;1,54136628904909e+04;0,000000000000000;5;0;1,71644352900790e+02;0,000000000000000;Marília;5;2913;44
Pradópolis;3540903;2022-10-31;2056;0;9,83402688094896e+03;0,000000000000000;47;0;2,24805089204573e+02;0,000000000000000;Ribeirão Preto;1;20907;44
Praia Grande;3541000;2022-10-31;31121;0;9,82218378760526e+03;9,571428571428571;1348;0;4,25445960788274e+02;0,142857142857143;Baixada Santista;13;316844;44
Pratânia;3541059;2022-10-31;1446;0;2,80449961210241e+04;0,000000000000000;19;0;3,68502715283165e+02;0,000000000000000;Bauru;12;5156;44
Presidente Alves;3541109;2022-10-31;615;0;1,52985074626866e+04;0,000000000000000;10;0;2,48756218905473e+02;0,000000000000000;Bauru;12;4020;44
Presidente Bernardes;3541208;2022-10-31;1416;0;1,03206997084548e+04;0,000000000000000;50;0;3,64431486880466e+02;0,000000000000000;Presidente Prudente;2;13720;44
Presidente Epitácio;3541307;2022-10-31;6590;0;1,55424528301887e+04;0,000000000000000;145;0;3,41981132075472e+02;0,000000000000000;Presidente Prudente;2;42400;44
Presidente Prudente;3541406;2022-10-31;42196;0;1,90869079444346e+04;1,285714285714286;1054;0;4,76765593265573e+02;0,000000000000000;Presidente Prudente;2;221073;44
Presidente Venceslau;3541505;2022-10-31;5516;0;1,45138797526641e+04;0,142857142857143;135;0;3,55216418892251e+02;0,000000000000000;Presidente Prudente;2;38005;44
Promissão;3541604;2022-10-31;9468;0;2,38687069856556e+04;0,000000000000000;126;0;3,17644389542945e+02;0,000000000000000;Bauru;12;39667;44
Quadra;3541653;2022-10-31;250;0;6,74217907227616e+03;0,000000000000000;9;0;2,42718446601942e+02;0,000000000000000;Sorocaba;6;3708;44
Quatá;3541703;2022-10-31;2927;0;2,10046645138141e+04;0,000000000000000;32;0;2,29637603157517e+02;0,000000000000000;Presidente Prudente;2;13935;44
Queiroz;3541802;2022-10-31;1058;0;3,22659347362001e+04;0,000000000000000;3;0;9,14913083257091e+01;0,000000000000000;Marília;5;3279;44
Queluz;3541901;2022-10-31;1111;0;8,78677633660234e+03;0,000000000000000;30;0;2,37266687757039e+02;0,000000000000000;Taubaté;17;12644;44
Quintana;3542008;2022-10-31;587;0;9,03076923076923e+03;0,000000000000000;33;0;5,07692307692308e+02;0,000000000000000;Marília;5;6500;44
Rafard;3542107;2022-10-31;1164;0;1,29679144385027e+04;0,000000000000000;14;0;1,55971479500891e+02;0,000000000000000;Piracicaba;11;8976;44
Rancharia;3542206;2022-10-31;6999;1;2,42624883003432e+04;0,142857142857143;113;0;3,91721842825944e+02;0,000000000000000;Presidente Prudente;2;28847;44
Redenção da Serra;3542305;2022-10-31;122;0;3,17956737034141e+03;0,000000000000000;6;0;1,56372165754496e+02;0,000000000000000;Taubaté;17;3837;44
Regente Feijó;3542404;2022-10-31;1822;0;9,34790416089477e+03;0,142857142857143;80;0;4,10445846801088e+02;0,000000000000000;Presidente Prudente;2;19491;44
Reginópolis;3542503;2022-10-31;779;0;1,07969507969508e+04;0,142857142857143;24;0;3,32640332640333e+02;0,000000000000000;Bauru;12;7215;44
Registro;3542602;2022-10-31;11451;0;2,11210712704737e+04;0,714285714285714;258;0;4,75874280655157e+02;0,000000000000000;Registro;9;54216;44